0.800212
0.810564
0.815793
0.818243
0.823838
0.824717
0.824756
0.82721
0.82728
0.829538
0.831419
0.831569
0.834099
0.835242
0.835434
0.837836
0.838057
0.838097
0.838417
0.839284
0.841095
0.841889
0.844342
0.845066
0.845706
0.846342
0.848131
0.850187
0.850632
0.85107
0.853039
0.853071
0.853712
0.85379
0.853963
0.854417
0.855136
0.855379
0.855482
0.856523
0.85661
0.856853
0.857309
0.857561
0.859145
0.860362
0.860639
0.860897
0.86248
0.862516
0.862795
0.863126
0.86322
0.863231
0.863688
0.86394
0.864117
0.864136
0.864792
0.865165
0.865213
0.865661
0.865855
0.865959
0.866291
0.866665
0.866777
0.86678
0.867984
0.8681
0.868154
0.868233
0.868392
0.868483
0.868558
0.869081
0.869171
0.869178
0.869233
0.869347
0.869385
0.869631
0.869781
0.870181
0.870189
0.870206
0.870261
0.870369
0.870394
0.870412
0.870703
0.870793
0.870937
0.871285
0.87142
0.871438
0.871468
0.871956
0.872068
0.872245
0.872466
0.872649
0.873229
0.873492
0.87356
0.873697
0.87394
0.874014
0.874059
0.874065
0.874072
0.874083
0.874387
0.874462
0.874506
0.8746
0.874918
0.874942
0.875044
0.875073
0.8751
0.875278
0.875325
0.875434
0.875495
0.875813
0.87585
0.875901
0.875949
0.876053
0.876479
0.876673
0.87676
0.877
0.877201
0.877277
0.877371
0.877669
0.878058
0.878351
0.87875
0.878763
0.878835
0.878906
0.87907
0.87911
0.879131
0.879175
0.879519
0.879846
0.880143
0.880259
0.880267
0.880623
0.880836
0.880885
0.880954
0.881356
0.881384
0.881452
0.881682
0.881768
0.881964
0.882136
0.88216
0.88241
0.882804
0.8829
0.882969
0.883113
0.883123
0.88325
0.883272
0.883595
0.883608
0.883609
0.883741
0.88401
0.884065
0.884139
0.884382
0.884495
0.884595
0.884709
0.884736
0.884781
0.884837
0.885045
0.885413
0.885591
0.885696
0.885762
0.885798
0.885886
0.885903
0.886198
0.886211
0.886321
0.886351
0.886525
0.886681
0.886702
0.886742
0.886798
0.886884
0.88695
0.886982
0.887098
0.8873
0.887333
0.887456
0.887597
0.887611
0.887899
0.888139
0.888254
0.888273
0.888274
0.888314
0.888333
0.888468
0.888616
0.888854
0.888939
0.889138
0.889158
0.889254
0.88936
0.889668
0.889918
0.890054
0.890061
0.89031
0.890368
0.890692
0.890718
0.890846
0.890855
0.890899
0.891027
0.891104
0.89122
0.891238
0.891263
0.891398
0.891432
0.89144
0.891476
0.891498
0.89154
0.891558
0.891576
0.891636
0.891652
0.891672
0.891705
0.891771
0.89181
0.891932
0.891934
0.892006
0.892099
0.892178
0.892374
0.892539
0.89292
0.892928
0.892953
0.893026
0.893129
0.89314
0.893192
0.893278
0.893285
0.893337
0.893439
0.893551
0.893566
0.893672
0.893784
0.893797
0.893857
0.893899
0.894053
0.89414
0.894141
0.894186
0.894398
0.894443
0.89465
0.894672
0.894715
0.894717
0.894894
0.894959
0.895079
0.895082
0.89509
0.895169
0.895203
0.895357
0.89554
0.895559
0.895676
0.895696
0.895766
0.895819
0.895827
0.895862
0.895897
0.895908
0.896012
0.896034
0.896173
0.896176
0.896189
0.896201
0.896318
0.896339
0.896474
0.896476
0.896606
0.896711
0.896771
0.896839
0.896854
0.896982
0.897115
0.897294
0.897391
0.897433
0.897696
0.897709
0.897717
0.897855
0.898191
0.898248
0.898331
0.898333
0.898492
0.898545
0.898644
0.898689
0.898739
0.898875
0.898889
0.898943
0.898955
0.898992
0.898997
0.899216
0.899251
0.899327
0.899349
0.899365
0.899405
0.899432
0.899546
0.89955
0.899637
0.899695
0.899701
0.899747
0.899753
0.899798
0.89982
0.900015
0.900116
0.900144
0.900149
0.90031
0.900353
0.900442
0.900472
0.900691
0.900748
0.900757
0.900929
0.90114
0.901234
0.901238
0.901299
0.901364
0.901456
0.901537
0.901802
0.901806
0.901831
0.901889
0.901974
0.902023
0.902241
0.902251
0.902311
0.902561
0.90259
0.902626
0.902755
0.902917
0.902918
0.90304
0.903047
0.903048
0.903062
0.903097
0.903158
0.903282
0.903312
0.903365
0.903424
0.903501
0.90352
0.903547
0.903588
0.903748
0.90384
0.903926
0.904008
0.904011
0.904037
0.904042
0.904056
0.904059
0.90414
0.904197
0.904225
0.904254
0.904298
0.904412
0.904455
0.904457
0.904698
0.904719
0.904751
0.904877
0.904973
0.905039
0.905079
0.905101
0.905134
0.905157
0.905244
0.905322
0.905356
0.905384
0.905394
0.905436
0.905453
0.905481
0.905502
0.905522
0.905665
0.905687
0.905866
0.905874
0.905884
0.905943
0.905962
0.905993
0.906067
0.90628
0.906386
0.906411
0.906448
0.906478
0.906484
0.906521
0.906759
0.906773
0.906819
0.906839
0.906841
0.906878
0.906934
0.906939
0.907026
0.907029
0.907044
0.90707
0.907101
0.907197
0.907258
0.907282
0.907352
0.907365
0.907425
0.907457
0.907507
0.907557
0.907715
0.907755
0.907776
0.907776
0.907857
0.907889
0.907962
0.908002
0.908056
0.908079
0.90813
0.908135
0.908178
0.908185
0.908237
0.908253
0.90826
0.908263
0.908312
0.908321
0.908347
0.908367
0.908421
0.908503
0.908549
0.908681
0.908683
0.908691
0.908731
0.908744
0.908756
0.908789
0.90893
0.909019
0.909113
0.909168
0.909232
0.909242
0.909269
0.90929
0.909299
0.909327
0.909455
0.909498
0.909535
0.909591
0.909778
0.909783
0.90984
0.909842
0.909843
0.909913
0.910026
0.910109
0.910168
0.910176
0.910206
0.910209
0.91022
0.910255
0.910271
0.910316
0.910337
0.910345
0.910384
0.910384
0.910397
0.910411
0.910443
0.910607
0.91062
0.910629
0.910815
0.910922
0.91095
0.911044
0.91114
0.911199
0.911209
0.911315
0.911572
0.911698
0.91174
0.911759
0.911783
0.911864
0.912005
0.912155
0.912192
0.9122
0.912263
0.912273
0.912324
0.912383
0.912423
0.912443
0.912471
0.9127
0.912719
0.912765
0.912778
0.912984
0.912988
0.913002
0.913027
0.91311
0.913191
0.913222
0.913256
0.91332
0.913355
0.913472
0.913554
0.913606
0.913662
0.913711
0.913717
0.913857
0.913876
0.913907
0.913918
0.91395
0.913982
0.914009
0.914021
0.9141
0.914138
0.914175
0.914207
0.914268
0.914278
0.914293
0.914297
0.914362
0.914399
0.914429
0.914438
0.914473
0.914581
0.91461
0.914633
0.914645
0.914714
0.914781
0.91484
0.914853
0.914912
0.914917
0.914991
0.915001
0.915061
0.915078
0.915123
0.915136
0.915282
0.915402
0.915466
0.91547
0.915505
0.915547
0.915554
0.915605
0.915607
0.915622
0.915628
0.915652
0.915665
0.91574
0.915784
0.915809
0.915838
0.915846
0.915978
0.915994
0.916003
0.916116
0.91616
0.916197
0.916198
0.916217
0.916217
0.916244
0.916253
0.916258
0.91631
0.91641
0.916462
0.916481
0.916543
0.916558
0.916582
0.916595
0.916658
0.916745
0.916783
0.916787
0.916792
0.916802
0.916804
0.916819
0.916895
0.916979
0.917002
0.917013
0.917014
0.917062
0.917064
0.917085
0.917107
0.91711
0.917114
0.917206
0.917257
0.917298
0.917314
0.917354
0.917381
0.917421
0.917424
0.917561
0.917637
0.917756
0.917797
0.917861
0.917889
0.917916
0.917919
0.917932
0.917943
0.918195
0.918273
0.91828
0.918307
0.918362
0.918376
0.918379
0.918437
0.918452
0.918464
0.918476
0.918485
0.918504
0.918518
0.91852
0.918533
0.918571
0.918614
0.91862
0.918653
0.918697
0.918732
0.918793
0.918803
0.918834
0.918869
0.918876
0.918913
0.918919
0.918929
0.918995
0.918999
0.919044
0.919128
0.919189
0.919206
0.919209
0.9193
0.919338
0.919405
0.919413
0.919417
0.919518
0.919544
0.91956
0.919566
0.919611
0.919669
0.919698
0.919724
0.919755
0.92009
0.920124
0.920129
0.920179
0.920253
0.92027
0.920338
0.920394
0.920435
0.92044
0.920476
0.920557
0.920563
0.920606
0.920712
0.920713
0.920763
0.920793
0.920804
0.920879
0.920885
0.920892
0.92095
0.920971
0.921006
0.921065
0.921147
0.921175
0.921211
0.921211
0.921211
0.921226
0.921263
0.921292
0.921316
0.921387
0.921423
0.921429
0.921488
0.921547
0.921691
0.9217
0.921706
0.921726
0.921753
0.921813
0.921815
0.921827
0.921828
0.921848
0.92185
0.921889
0.922
0.922002
0.922117
0.922123
0.922144
0.922217
0.922229
0.922255
0.922257
0.922275
0.922314
0.92232
0.922331
0.922435
0.922495
0.922504
0.922541
0.9226
0.922616
0.922621
0.92265
0.922735
0.922748
0.922884
0.922924
0.922943
0.922985
0.922997
0.92303
0.923032
0.923107
0.923165
0.923202
0.923281
0.923297
0.92335
0.923377
0.923427
0.923441
0.923477
0.923518
0.923544
0.923587
0.923734
0.923738
0.923741
0.923746
0.923773
0.923786
0.923813
0.923825
0.923825
0.923893
0.924044
0.924051
0.924064
0.92407
0.924126
0.924139
0.924151
0.924161
0.924177
0.924193
0.924201
0.924207
0.924251
0.924257
0.924288
0.92432
0.924365
0.924407
0.924409
0.924524
0.924537
0.924549
0.924563
0.924598
0.924615
0.924798
0.924799
0.924804
0.924879
0.924884
0.924989
0.925014
0.925071
0.925112
0.925117
0.925136
0.925218
0.925245
0.925265
0.92529
0.925308
0.925392
0.925495
0.925531
0.925579
0.925582
0.925602
0.925676
0.925684
0.925701
0.925704
0.925795
0.925797
0.925798
0.925878
0.92588
0.925952
0.925954
0.926011
0.92603
0.926053
0.926078
0.926126
0.926175
0.926188
0.926276
0.926289
0.926296
0.926298
0.926306
0.926317
0.926365
0.926397
0.926403
0.926421
0.926446
0.926505
0.926516
0.92653
0.926535
0.926546
0.926565
0.926596
0.926602
0.926711
0.926732
0.926756
0.926779
0.926806
0.926891
0.926892
0.926934
0.926943
0.926969
0.927018
0.927027
0.927061
0.927119
0.927131
0.927155
0.927157
0.927182
0.927198
0.927219
0.927266
0.927323
0.927419
0.927448
0.927467
0.927474
0.927485
0.927521
0.927539
0.927582
0.927593
0.92767
0.927687
0.927693
0.927762
0.927807
0.927818
0.927854
0.927858
0.927877
0.927907
0.927961
0.927961
0.927966
0.92797
0.927998
0.92802
0.928029
0.928036
0.928089
0.928143
0.928145
0.928176
0.928279
0.928289
0.928292
0.928309
0.928329
0.928373
0.928392
0.928541
0.928541
0.928581
0.928606
0.928615
0.928626
0.928629
0.928632
0.928662
0.928662
0.928719
0.92876
0.928784
0.928797
0.928869
0.928875
0.928941
0.928963
0.928982
0.929004
0.92902
0.929038
0.929049
0.92905
0.929084
0.929125
0.929148
0.92916
0.929189
0.929228
0.929258
0.92926
0.929261
0.929289
0.929311
0.929369
0.929429
0.929443
0.929446
0.929446
0.929461
0.92962
0.929625
0.929631
0.929642
0.929678
0.929703
0.929722
0.92973
0.929779
0.929811
0.929821
0.929823
0.929844
0.929855
0.929872
0.929876
0.929878
0.929889
0.929956
0.929977
0.929996
0.930018
0.930025
0.930077
0.93009
0.930111
0.930148
0.930158
0.93017
0.930206
0.930214
0.930311
0.930339
0.930344
0.930373
0.930462
0.930573
0.930573
0.930583
0.930625
0.930644
0.930645
0.930683
0.93072
0.930782
0.930805
0.930832
0.930848
0.93085
0.930888
0.93093
0.930937
0.930959
0.930978
0.931005
0.931027
0.931056
0.931057
0.931064
0.931117
0.931214
0.931223
0.93125
0.931315
0.931355
0.93144
0.931458
0.931512
0.931517
0.931531
0.931536
0.93154
0.931552
0.931623
0.931638
0.93167
0.931727
0.931755
0.931807
0.931812
0.931813
0.93187
0.931932
0.932012
0.932015
0.932019
0.932029
0.932068
0.932079
0.932215
0.932265
0.932278
0.932292
0.932329
0.932352
0.932375
0.932406
0.932407
0.932439
0.93244
0.932463
0.932533
0.932534
0.93257
0.932611
0.932661
0.932719
0.93275
0.932751
0.932751
0.93276
0.932788
0.932792
0.932831
0.932833
0.932898
0.932904
0.932913
0.932946
0.932993
0.933027
0.933032
0.933043
0.93307
0.933088
0.933096
0.933114
0.933116
0.933132
0.933171
0.933179
0.9332
0.933206
0.933207
0.933216
0.933234
0.933356
0.933392
0.933459
0.933503
0.933507
0.933536
0.933541
0.933542
0.933545
0.933568
0.933635
0.933671
0.933696
0.933709
0.933712
0.933714
0.933736
0.933793
0.933864
0.933972
0.933978
0.934054
0.93406
0.934087
0.934131
0.934147
0.934197
0.934207
0.934282
0.934332
0.934336
0.934365
0.934385
0.934406
0.93443
0.934446
0.934485
0.934511
0.934539
0.934542
0.934553
0.934555
0.934561
0.934624
0.934632
0.934643
0.934687
0.934725
0.934738
0.934773
0.934858
0.934882
0.9349
0.934911
0.93492
0.93498
0.935015
0.93506
0.935066
0.935086
0.935157
0.935162
0.935181
0.935241
0.935249
0.935295
0.935299
0.935314
0.935326
0.935347
0.935383
0.935414
0.935425
0.935454
0.935475
0.93551
0.93552
0.935522
0.935566
0.93557
0.93557
0.935598
0.935643
0.935643
0.935664
0.935671
0.935676
0.935686
0.935694
0.935698
0.935718
0.935718
0.935745
0.93576
0.935789
0.935872
0.935888
0.935899
0.93594
0.936011
0.936023
0.936111
0.936125
0.936142
0.936152
0.936159
0.936191
0.936194
0.936245
0.936253
0.936255
0.936334
0.936359
0.93636
0.936437
0.936466
0.936485
0.936553
0.936624
0.936643
0.93668
0.9367
0.936715
0.936732
0.936758
0.936762
0.936766
0.936767
0.936768
0.936782
0.936835
0.936887
0.936889
0.936896
0.936919
0.936945
0.93697
0.937003
0.937029
0.937083
0.937148
0.937174
0.937216
0.937257
0.937385
0.93741
0.937438
0.937452
0.937522
0.937546
0.937558
0.937588
0.937598
0.93764
0.937646
0.937647
0.937684
0.93769
0.937693
0.937738
0.937755
0.937783
0.937789
0.937854
0.937912
0.937927
0.937941
0.937942
0.937974
0.938026
0.938036
0.938055
0.938056
0.93806
0.938069
0.93809
0.93809
0.938152
0.938161
0.938199
0.938209
0.938234
0.938249
0.938261
0.938289
0.938305
0.938308
0.938331
0.938341
0.938368
0.938381
0.938387
0.938419
0.938421
0.938461
0.938475
0.938522
0.938536
0.938536
0.938552
0.938556
0.93856
0.938601
0.938658
0.938756
0.938815
0.938843
0.938874
0.938875
0.938882
0.938915
0.938928
0.93893
0.93894
0.93895
0.939031
0.93906
0.93907
0.939132
0.939152
0.939154
0.939155
0.939182
0.939204
0.939217
0.939273
0.93928
0.939308
0.939325
0.939376
0.939381
0.939419
0.939435
0.939453
0.939484
0.939494
0.939496
0.939518
0.939519
0.939523
0.939525
0.939532
0.939535
0.939536
0.939556
0.939578
0.939598
0.939601
0.93963
0.939633
0.93965
0.939697
0.939703
0.939725
0.939759
0.939763
0.939774
0.939788
0.9398
0.939828
0.939832
0.939843
0.939908
0.939912
0.939935
0.939954
0.939965
0.940045
0.940046
0.940066
0.94009
0.940105
0.94014
0.940151
0.940169
0.940208
0.94022
0.940224
0.940229
0.94024
0.940341
0.940385
0.940461
0.940485
0.940575
0.940606
0.940634
0.940676
0.940682
0.940711
0.940716
0.94079
0.940791
0.940837
0.940855
0.94086
0.940861
0.940875
0.940886
0.940912
0.940918
0.940947
0.940951
0.940951
0.940968
0.940982
0.941067
0.941076
0.941098
0.941123
0.941163
0.941187
0.941258
0.941259
0.941301
0.94133
0.941383
0.941405
0.941432
0.941486
0.94153
0.941535
0.94154
0.941586
0.941611
0.941623
0.941681
0.941729
0.941737
0.941756
0.941756
0.941771
0.941798
0.941812
0.94182
0.941851
0.941856
0.941872
0.94188
0.94194
0.941985
0.942003
0.942027
0.942056
0.942059
0.942073
0.94208
0.942096
0.942102
0.942102
0.942103
0.942144
0.942177
0.942204
0.942213
0.94222
0.942236
0.942255
0.942258
0.942296
0.942325
0.942362
0.942365
0.942391
0.942431
0.942445
0.942458
0.942476
0.942484
0.94254
0.942562
0.942569
0.942573
0.942603
0.942625
0.942632
0.942653
0.942656
0.942685
0.94269
0.942713
0.942714
0.942783
0.942795
0.942848
0.942853
0.94288
0.942882
0.942944
0.942974
0.942993
0.942994
0.943035
0.943038
0.94305
0.943082
0.943098
0.943112
0.943113
0.943117
0.943118
0.943119
0.943131
0.943133
0.943153
0.943161
0.943178
0.943184
0.943194
0.943273
0.943275
0.943286
0.943298
0.943325
0.943339
0.943352
0.943364
0.943391
0.943418
0.943505
0.943543
0.943618
0.943653
0.943686
0.943692
0.943716
0.943721
0.943731
0.943747
0.94375
0.94382
0.943864
0.943872
0.943876
0.943886
0.943921
0.943934
0.94397
0.944029
0.944043
0.944061
0.944068
0.94407
0.94408
0.944093
0.944117
0.944152
0.944155
0.944169
0.944178
0.944179
0.944201
0.944206
0.944214
0.944216
0.944233
0.944273
0.944314
0.944322
0.944372
0.944414
0.944429
0.944473
0.944476
0.944494
0.9445
0.944513
0.944535
0.944556
0.944556
0.944583
0.944587
0.944604
0.944623
0.944674
0.944682
0.944694
0.944759
0.944769
0.944793
0.944808
0.944823
0.944861
0.944875
0.944884
0.944888
0.944959
0.945081
0.945103
0.945137
0.945144
0.945148
0.945183
0.945279
0.945284
0.945284
0.94532
0.945333
0.945385
0.945386
0.94543
0.94547
0.945489
0.945543
0.945614
0.945676
0.945745
0.945765
0.945766
0.945777
0.945781
0.945783
0.945796
0.945812
0.945871
0.946007
0.946024
0.946033
0.946048
0.946074
0.946167
0.946167
0.94619
0.946198
0.946209
0.946214
0.946244
0.946264
0.946272
0.946283
0.946285
0.946328
0.946335
0.946372
0.946412
0.946419
0.946433
0.94651
0.946514
0.946737
0.946753
0.946755
0.946781
0.946821
0.946824
0.946911
0.946933
0.94696
0.946977
0.947021
0.947039
0.947045
0.947046
0.947077
0.947093
0.947093
0.94712
0.947155
0.947169
0.947183
0.94719
0.947196
0.947206
0.947216
0.947217
0.947293
0.947314
0.947316
0.947318
0.947345
0.947354
0.947391
0.947401
0.947416
0.947417
0.947452
0.947467
0.947475
0.947519
0.947541
0.947562
0.947571
0.947577
0.947592
0.947595
0.947602
0.947602
0.947608
0.94766
0.947664
0.947672
0.947677
0.947687
0.947698
0.947705
0.947716
0.94774
0.947747
0.947751
0.947823
0.947829
0.947886
0.94791
0.947922
0.947983
0.947993
0.948001
0.948021
0.948026
0.948029
0.948033
0.948039
0.948078
0.948091
0.948108
0.948136
0.948137
0.948147
0.948161
0.948161
0.948209
0.948242
0.948267
0.948279
0.948313
0.94832
0.948402
0.948428
0.948431
0.948445
0.948468
0.94851
0.94854
0.948549
0.948561
0.948567
0.948568
0.948578
0.948594
0.948607
0.948666
0.948702
0.948713
0.948721
0.948721
0.948736
0.948761
0.948826
0.948846
0.948891
0.948906
0.948958
0.948967
0.94898
0.948989
0.949024
0.949042
0.949048
0.949073
0.94908
0.94909
0.949112
0.949157
0.949196
0.949213
0.94922
0.949231
0.949237
0.94926
0.949268
0.949291
0.949292
0.949316
0.949399
0.949447
0.949454
0.949469
0.949531
0.949535
0.949573
0.949576
0.949588
0.949608
0.949686
0.9497
0.949726
0.949751
0.949779
0.949833
0.949906
0.949907
0.949929
0.949955
0.949979
0.95004
0.95008
0.950193
0.950203
0.950211
0.950221
0.950256
0.950262
0.950282
0.950308
0.950328
0.950364
0.950385
0.950434
0.950454
0.950497
0.950506
0.95057
0.950585
0.950623
0.950661
0.950668
0.950682
0.950696
0.950751
0.950761
0.950766
0.950782
0.950812
0.950873
0.950907
0.950911
0.950959
0.950968
0.950975
0.950977
0.950981
0.950992
0.950998
0.951019
0.95102
0.951039
0.951092
0.951111
0.951125
0.951143
0.951148
0.95118
0.951197
0.951232
0.951241
0.951275
0.9513
0.951332
0.951344
0.951383
0.951404
0.951417
0.951418
0.951421
0.951428
0.951442
0.951448
0.951461
0.951482
0.951497
0.951505
0.951551
0.951573
0.951592
0.951605
0.95164
0.95165
0.951673
0.951705
0.95174
0.95175
0.951753
0.951771
0.951846
0.951871
0.951875
0.951902
0.951905
0.951967
0.95198
0.951987
0.951989
0.951995
0.952005
0.952053
0.952097
0.952108
0.952115
0.95213
0.952156
0.952163
0.952181
0.952182
0.952267
0.952272
0.952292
0.952355
0.952391
0.952482
0.952492
0.952507
0.952538
0.952576
0.952577
0.952583
0.952584
0.952599
0.952628
0.952633
0.952651
0.952658
0.952669
0.952685
0.95269
0.952727
0.95276
0.952794
0.952829
0.952834
0.952859
0.952893
0.952899
0.952907
0.952907
0.952908
0.952922
0.952953
0.952965
0.952978
0.952985
0.952994
0.95302
0.953033
0.953042
0.953049
0.953081
0.953105
0.953107
0.95313
0.953133
0.953164
0.95321
0.953217
0.953224
0.953243
0.953245
0.953288
0.9533
0.953315
0.953318
0.953343
0.953358
0.953359
0.953395
0.953412
0.953435
0.953444
0.953448
0.95345
0.953451
0.953453
0.95346
0.953564
0.953571
0.953584
0.953586
0.953603
0.953646
0.953663
0.953709
0.953717
0.95378
0.953791
0.9538
0.953816
0.953834
0.953852
0.953863
0.953873
0.953905
0.953912
0.953924
0.953925
0.953938
0.953958
0.953973
0.95399
0.953997
0.954011
0.954027
0.954029
0.954038
0.954041
0.954051
0.954057
0.954074
0.954135
0.954144
0.954163
0.954177
0.954182
0.954212
0.95423
0.954239
0.954258
0.95429
0.954292
0.954319
0.954327
0.954347
0.954348
0.954358
0.954371
0.954373
0.954403
0.954434
0.954444
0.954446
0.954449
0.954475
0.954542
0.954566
0.954578
0.954591
0.954599
0.954604
0.954605
0.954655
0.954661
0.954666
0.954669
0.954672
0.954675
0.954682
0.95469
0.954702
0.954704
0.954707
0.954708
0.954786
0.954794
0.954822
0.954898
0.954949
0.954957
0.954983
0.95499
0.95502
0.955024
0.955034
0.955047
0.955051
0.955065
0.955067
0.955108
0.955189
0.955195
0.955209
0.955245
0.955255
0.955256
0.955259
0.955274
0.955286
0.955288
0.955298
0.955301
0.955347
0.955357
0.955359
0.95537
0.955462
0.955463
0.955473
0.955483
0.955513
0.955522
0.955538
0.955547
0.955561
0.955563
0.955567
0.955575
0.955592
0.955636
0.955639
0.955644
0.955663
0.955677
0.955698
0.955702
0.955709
0.955739
0.955761
0.95578
0.955791
0.955816
0.955827
0.955838
0.95584
0.955841
0.955865
0.955879
0.955885
0.955899
0.955921
0.955947
0.955955
0.955958
0.955975
0.956013
0.956014
0.956017
0.95604
0.956049
0.956063
0.956091
0.956091
0.956117
0.956121
0.956147
0.956178
0.956212
0.956215
0.956225
0.956232
0.95624
0.956268
0.956297
0.956303
0.956323
0.956324
0.956344
0.956347
0.956347
0.95636
0.956435
0.956449
0.95645
0.956451
0.956456
0.956478
0.956484
0.956501
0.956523
0.956549
0.95657
0.95657
0.956593
0.956604
0.956615
0.956645
0.956649
0.956678
0.956681
0.956714
0.956714
0.956772
0.956855
0.956897
0.956944
0.956951
0.956968
0.956968
0.956975
0.957004
0.957008
0.957009
0.957044
0.95707
0.957109
0.957115
0.957131
0.957146
0.957154
0.957163
0.95717
0.957195
0.957201
0.957206
0.957213
0.957219
0.957254
0.957265
0.957315
0.957342
0.957384
0.957391
0.957421
0.957439
0.957444
0.957469
0.95754
0.957552
0.957587
0.957589
0.957598
0.957599
0.95763
0.95766
0.957664
0.957686
0.957702
0.95773
0.957743
0.957744
0.957759
0.957762
0.957783
0.957822
0.957837
0.957848
0.957853
0.957914
0.957918
0.957925
0.957952
0.957965
0.95799
0.958007
0.958032
0.958048
0.958089
0.958121
0.958125
0.958136
0.958161
0.958163
0.958197
0.958241
0.95825
0.958283
0.958299
0.958324
0.958325
0.958326
0.958355
0.95838
0.958418
0.958425
0.958436
0.958457
0.958462
0.958463
0.958467
0.958478
0.958486
0.958488
0.95849
0.958493
0.958544
0.958548
0.958559
0.958566
0.95861
0.958613
0.958668
0.958679
0.958692
0.958721
0.958742
0.958745
0.958754
0.958784
0.958785
0.958802
0.958804
0.958865
0.958885
0.958927
0.958959
0.958964
0.958982
0.958991
0.959033
0.959068
0.959078
0.959105
0.959108
0.959137
0.959151
0.959173
0.959232
0.959246
0.959268
0.959269
0.959304
0.959328
0.959341
0.959345
0.959362
0.959367
0.959382
0.95946
0.959479
0.959486
0.959487
0.959517
0.959529
0.959545
0.959563
0.959563
0.959578
0.959582
0.959589
0.959613
0.959629
0.959647
0.959677
0.959685
0.959755
0.959757
0.959814
0.959845
0.959863
0.959867
0.959882
0.959885
0.959897
0.959897
0.95996
0.959964
0.959983
0.959989
0.959991
0.959993
0.959996
0.960028
0.960047
0.960083
0.960111
0.960121
0.960189
0.960195
0.960205
0.960214
0.960218
0.960288
0.960291
0.960297
0.960309
0.960323
0.960329
0.960331
0.960352
0.960352
0.960367
0.960402
0.96041
0.960412
0.960444
0.960454
0.960457
0.960472
0.960482
0.960496
0.960552
0.960561
0.960568
0.960571
0.960571
0.960574
0.960595
0.960636
0.960638
0.960642
0.960662
0.960694
0.960697
0.960707
0.96071
0.960744
0.960756
0.96076
0.960764
0.960812
0.960866
0.960868
0.960881
0.960913
0.96092
0.960947
0.960971
0.960986
0.96099
0.961001
0.961065
0.961092
0.961092
0.961108
0.961108
0.961119
0.961132
0.961155
0.961168
0.961168
0.961243
0.961251
0.961307
0.961308
0.961365
0.961405
0.961426
0.961426
0.961464
0.961466
0.961482
0.961499
0.961539
0.961548
0.961591
0.961605
0.961609
0.961656
0.9617
0.961713
0.961739
0.961741
0.961751
0.961779
0.961805
0.961811
0.961843
0.96186
0.961863
0.961965
0.962024
0.962042
0.962091
0.962104
0.962116
0.962133
0.962139
0.962146
0.962164
0.962171
0.962177
0.962239
0.962259
0.962286
0.962289
0.962338
0.962354
0.962358
0.962359
0.962386
0.962403
0.962417
0.962431
0.962444
0.962456
0.962504
0.96251
0.962518
0.962525
0.962528
0.962529
0.962552
0.962553
0.96256
0.962562
0.962568
0.962595
0.962615
0.96266
0.962665
0.962674
0.962694
0.96272
0.962744
0.962778
0.96279
0.962792
0.962811
0.96282
0.962847
0.96285
0.962865
0.962868
0.962875
0.962951
0.962968
0.96299
0.963011
0.963013
0.963017
0.963039
0.963064
0.963087
0.963087
0.963094
0.963102
0.963104
0.963105
0.963106
0.963113
0.963119
0.963122
0.963128
0.96317
0.963175
0.963212
0.963215
0.963227
0.963254
0.963276
0.963282
0.963308
0.963324
0.963344
0.963358
0.963373
0.963378
0.963385
0.963386
0.963389
0.963412
0.963426
0.963439
0.963441
0.963462
0.963477
0.963485
0.963488
0.963502
0.963521
0.963553
0.963607
0.963629
0.963668
0.963672
0.963674
0.963695
0.963716
0.963723
0.963741
0.963743
0.963757
0.963773
0.963777
0.963792
0.963809
0.963825
0.963838
0.963897
0.96391
0.963915
0.963955
0.963981
0.963988
0.963996
0.963997
0.964017
0.964039
0.964049
0.964066
0.964089
0.964091
0.964093
0.964123
0.964125
0.964138
0.964153
0.964159
0.964163
0.964175
0.964235
0.964238
0.964251
0.964255
0.964263
0.964264
0.964276
0.964314
0.964317
0.964319
0.964327
0.964542
0.964563
0.964575
0.964614
0.964652
0.964656
0.96468
0.964702
0.964712
0.964759
0.964797
0.964831
0.964848
0.96487
0.964874
0.964895
0.964917
0.964937
0.965008
0.965019
0.965058
0.965067
0.965106
0.965107
0.96511
0.965113
0.965139
0.965178
0.965192
0.965193
0.965209
0.965213
0.965246
0.96526
0.965261
0.965276
0.965277
0.965278
0.965301
0.965312
0.965341
0.965377
0.96539
0.965409
0.965415
0.965431
0.965431
0.965446
0.965449
0.965449
0.965454
0.965492
0.965507
0.965566
0.965585
0.965586
0.96563
0.965638
0.96564
0.965643
0.965667
0.965678
0.965695
0.965722
0.965724
0.965783
0.965804
0.96581
0.965811
0.965833
0.965842
0.965868
0.965901
0.965903
0.965906
0.965943
0.965949
0.965953
0.96598
0.965994
0.966054
0.966083
0.966091
0.966144
0.966162
0.966164
0.966168
0.966185
0.966195
0.966221
0.966226
0.96623
0.966232
0.966238
0.966267
0.966276
0.966279
0.966281
0.966285
0.966305
0.966319
0.966336
0.966345
0.96636
0.96636
0.966371
0.966401
0.966409
0.966443
0.966464
0.96647
0.966484
0.966512
0.966524
0.966543
0.9666
0.966611
0.966626
0.966686
0.966707
0.966709
0.966719
0.96672
0.966769
0.966774
0.96681
0.966832
0.966856
0.966918
0.966932
0.966961
0.966964
0.966967
0.966984
0.966997
0.967
0.967006
0.967025
0.96704
0.967062
0.967087
0.967106
0.967111
0.967112
0.967114
0.967122
0.967125
0.967128
0.967151
0.967153
0.967162
0.967164
0.967176
0.96718
0.967198
0.967209
0.967214
0.967235
0.967237
0.967269
0.967276
0.967291
0.967308
0.967315
0.967316
0.967318
0.967327
0.967346
0.967375
0.967416
0.967419
0.967419
0.967431
0.967435
0.967441
0.96751
0.967519
0.967526
0.967532
0.967538
0.967559
0.967561
0.967564
0.967565
0.967572
0.967576
0.967603
0.967619
0.967651
0.967676
0.967701
0.967701
0.967703
0.967727
0.967734
0.967779
0.967794
0.967798
0.967885
0.967889
0.967942
0.967943
0.967944
0.967968
0.968019
0.968022
0.96804
0.968085
0.968108
0.968194
0.968205
0.968255
0.968299
0.9683
0.968306
0.968342
0.968343
0.968356
0.968425
0.968466
0.968498
0.968516
0.968531
0.968552
0.968557
0.968565
0.968585
0.96861
0.968612
0.968618
0.96863
0.968643
0.968687
0.96869
0.968695
0.968698
0.968758
0.968759
0.968764
0.968793
0.968833
0.96884
0.968842
0.968852
0.968871
0.968872
0.968894
0.968897
0.968912
0.968916
0.968928
0.968937
0.968942
0.968946
0.968955
0.968957
0.968958
0.96896
0.968979
0.96898
0.968997
0.969023
0.969043
0.969077
0.969099
0.969111
0.969115
0.969131
0.969182
0.969189
0.969194
0.969198
0.969229
0.969265
0.969267
0.969284
0.969291
0.969315
0.969316
0.969367
0.969379
0.969381
0.969393
0.96944
0.969448
0.969457
0.969516
0.969517
0.969531
0.969546
0.96955
0.969591
0.969597
0.969606
0.969607
0.969611
0.969623
0.969643
0.969677
0.969712
0.969717
0.96972
0.969751
0.96976
0.969772
0.969787
0.96979
0.969805
0.969829
0.969831
0.969834
0.969852
0.969877
0.969879
0.969886
0.969907
0.969907
0.969911
0.969952
0.969975
0.969987
0.969992
0.970002
0.970016
0.970018
0.970029
0.970038
0.970039
0.970063
0.970071
0.970102
0.970105
0.970112
0.970115
0.970118
0.970124
0.970149
0.970186
0.97019
0.970192
0.970195
0.970227
0.970233
0.970243
0.97026
0.970272
0.970283
0.970292
0.970299
0.970302
0.970314
0.970359
0.970376
0.970445
0.970458
0.970487
0.970514
0.970515
0.970525
0.970531
0.970543
0.970553
0.970587
0.970588
0.970622
0.970641
0.970645
0.970681
0.970689
0.97072
0.970731
0.970735
0.970742
0.970751
0.970781
0.970805
0.970809
0.970827
0.970834
0.970834
0.970864
0.970878
0.970879
0.97088
0.970899
0.970902
0.970907
0.970923
0.970923
0.970933
0.970937
0.970941
0.970959
0.970964
0.971097
0.971121
0.971145
0.971178
0.971189
0.971194
0.971199
0.971203
0.971223
0.971239
0.971239
0.971245
0.971249
0.971249
0.971263
0.971266
0.971294
0.971312
0.971313
0.971316
0.971318
0.971335
0.971361
0.971388
0.971399
0.971406
0.971426
0.97145
0.971453
0.971454
0.971463
0.971478
0.971483
0.971489
0.971501
0.971509
0.971513
0.971516
0.971519
0.971528
0.971528
0.971555
0.971573
0.971596
0.971611
0.971613
0.971658
0.971737
0.971739
0.971739
0.971767
0.971771
0.97181
0.971826
0.971831
0.971835
0.971846
0.971863
0.971905
0.971921
0.971939
0.971942
0.971946
0.971964
0.971979
0.971979
0.971983
0.972002
0.97202
0.972022
0.972023
0.972044
0.972069
0.972077
0.972105
0.972109
0.97216
0.972173
0.97223
0.972232
0.972269
0.972289
0.972292
0.972303
0.972326
0.972328
0.972351
0.972362
0.972429
0.972464
0.972475
0.972479
0.972483
0.972494
0.972501
0.972518
0.972536
0.972537
0.972555
0.972621
0.972629
0.972704
0.972704
0.972717
0.972719
0.972728
0.972731
0.972749
0.97275
0.972754
0.972767
0.972777
0.972803
0.972808
0.972812
0.972847
0.972871
0.972873
0.972896
0.972907
0.97292
0.972928
0.972929
0.972947
0.972959
0.972974
0.972981
0.97301
0.973012
0.973046
0.973082
0.973111
0.973166
0.973178
0.973202
0.973207
0.973214
0.973265
0.973274
0.973281
0.973304
0.973305
0.97332
0.973322
0.973332
0.973337
0.97336
0.973363
0.973383
0.973396
0.973396
0.973408
0.973417
0.973454
0.973464
0.973487
0.973491
0.973518
0.97352
0.973546
0.973547
0.973569
0.973582
0.973597
0.973597
0.973605
0.973615
0.973637
0.973639
0.973643
0.973675
0.973702
0.973726
0.973753
0.973807
0.973835
0.973879
0.973894
0.973901
0.973939
0.973944
0.973954
0.973967
0.973975
0.973977
0.974019
0.974023
0.974034
0.974063
0.974065
0.974067
0.974109
0.974109
0.974141
0.974162
0.974174
0.974176
0.974182
0.974258
0.97427
0.974274
0.97432
0.974327
0.974328
0.974335
0.974343
0.97437
0.97437
0.97437
0.974396
0.9744
0.974402
0.974405
0.97443
0.974484
0.974493
0.974513
0.974544
0.974559
0.974591
0.97462
0.974632
0.974636
0.974641
0.974642
0.974642
0.974652
0.974653
0.974653
0.974662
0.97468
0.97473
0.974744
0.97476
0.97479
0.974814
0.974819
0.974834
0.974839
0.974862
0.974868
0.974896
0.974898
0.974916
0.97496
0.97497
0.974974
0.974979
0.974991
0.975021
0.975048
0.97505
0.975059
0.97507
0.975092
0.975092
0.975096
0.975104
0.975116
0.975121
0.97514
0.975181
0.975189
0.975197
0.975202
0.975211
0.975219
0.975222
0.975235
0.975241
0.975269
0.975274
0.975276
0.975294
0.97531
0.975319
0.975325
0.975349
0.975352
0.975379
0.975385
0.975439
0.975444
0.975448
0.975457
0.975468
0.975473
0.975497
0.975502
0.975507
0.975522
0.975532
0.97554
0.975582
0.975582
0.975622
0.975643
0.975645
0.975664
0.975665
0.975666
0.975675
0.975695
0.975709
0.975714
0.975717
0.97572
0.975737
0.975766
0.975769
0.97577
0.975788
0.975794
0.975797
0.975827
0.97585
0.975853
0.975853
0.975855
0.975876
0.975927
0.975929
0.97593
0.976013
0.976015
0.97602
0.976045
0.976049
0.976057
0.976066
0.976068
0.976135
0.976189
0.976206
0.976248
0.976278
0.976282
0.976287
0.976342
0.976356
0.976368
0.976381
0.976389
0.976424
0.976438
0.976451
0.976489
0.976496
0.9765
0.976525
0.976544
0.976548
0.976598
0.97661
0.976623
0.976726
0.976739
0.976752
0.976756
0.976777
0.97678
0.976797
0.976803
0.976803
0.976877
0.976878
0.97688
0.976899
0.976908
0.976924
0.976947
0.976988
0.977002
0.977006
0.977018
0.977026
0.97706
0.977067
0.977073
0.977078
0.97714
0.977145
0.977156
0.977165
0.977172
0.977173
0.977175
0.977191
0.977217
0.977233
0.977255
0.977282
0.977316
0.977352
0.977355
0.977366
0.977388
0.977388
0.977396
0.977406
0.977406
0.977407
0.977429
0.977448
0.977481
0.97751
0.977517
0.977523
0.977591
0.977614
0.977618
0.977624
0.977677
0.977681
0.977681
0.977697
0.977752
0.977754
0.977756
0.977772
0.977786
0.977793
0.977809
0.977826
0.977836
0.977848
0.977876
0.977878
0.977897
0.977904
0.977907
0.977917
0.977933
0.977938
0.977953
0.977967
0.977969
0.977971
0.977987
0.977992
0.977995
0.978039
0.978039
0.978048
0.978072
0.97809
0.978113
0.97813
0.978139
0.978142
0.978153
0.97817
0.978179
0.978206
0.97821
0.978214
0.978222
0.978265
0.978298
0.978309
0.978318
0.978345
0.97837
0.978375
0.978397
0.978442
0.97846
0.978478
0.978552
0.978557
0.978559
0.978562
0.978576
0.978578
0.978608
0.978634
0.978663
0.978666
0.978708
0.97871
0.97872
0.978729
0.978741
0.978765
0.97881
0.97886
0.978864
0.978866
0.978945
0.978956
0.978965
0.978965
0.978974
0.97898
0.978981
0.978981
0.978993
0.979
0.979024
0.979088
0.97909
0.97911
0.979154
0.979213
0.979214
0.979227
0.979244
0.979323
0.979342
0.979349
0.979351
0.979353
0.979357
0.97936
0.979378
0.979382
0.979387
0.979391
0.979405
0.979415
0.979442
0.979447
0.979458
0.97946
0.979477
0.979514
0.979585
0.979597
0.979632
0.979634
0.979644
0.979651
0.979668
0.979681
0.979681
0.979684
0.979691
0.979699
0.979716
0.979728
0.979733
0.979734
0.979764
0.979768
0.979795
0.979797
0.979798
0.9798
0.979829
0.979834
0.979941
0.979951
0.979983
0.979992
0.980025
0.980029
0.980105
0.980114
0.980131
0.980139
0.980155
0.980179
0.980186
0.980187
0.980195
0.980227
0.980233
0.980233
0.980236
0.980243
0.980256
0.980293
0.980307
0.980329
0.980333
0.98034
0.980359
0.980374
0.980388
0.980389
0.980389
0.980391
0.980392
0.980415
0.98045
0.980455
0.980458
0.980459
0.980464
0.980519
0.980533
0.980548
0.980559
0.980566
0.980588
0.98059
0.980594
0.980631
0.980635
0.980647
0.980682
0.980682
0.980682
0.980704
0.980706
0.980707
0.980727
0.980732
0.980762
0.980766
0.980792
0.980834
0.980836
0.980862
0.980876
0.980882
0.980894
0.980907
0.980908
0.980912
0.980932
0.980955
0.980966
0.980988
0.981
0.981016
0.981068
0.981084
0.981091
0.981097
0.981116
0.981123
0.981124
0.981127
0.981143
0.98118
0.981182
0.981199
0.981204
0.981211
0.981221
0.981237
0.981255
0.98126
0.981273
0.981274
0.981322
0.981327
0.981339
0.981344
0.981345
0.981346
0.981366
0.981378
0.981432
0.981435
0.981439
0.981441
0.981443
0.981463
0.981467
0.981478
0.981497
0.981531
0.981536
0.981547
0.981551
0.981552
0.98159
0.9816
0.981602
0.981611
0.981614
0.981615
0.981626
0.981692
0.981693
0.981699
0.981703
0.981707
0.981731
0.98176
0.981771
0.981781
0.981787
0.981798
0.981824
0.981891
0.981911
0.981913
0.981921
0.981934
0.981956
0.981974
0.982018
0.982032
0.982067
0.98208
0.982124
0.982142
0.982177
0.982185
0.982191
0.982205
0.982242
0.982253
0.982315
0.982322
0.982337
0.982351
0.982385
0.982396
0.982447
0.982458
0.982476
0.982488
0.982527
0.982545
0.982545
0.982551
0.982559
0.982581
0.982594
0.9826
0.982604
0.982607
0.982609
0.982635
0.982641
0.982642
0.982658
0.982658
0.982691
0.98271
0.982723
0.982723
0.982727
0.982732
0.98275
0.982756
0.982762
0.982764
0.982768
0.98277
0.982789
0.982797
0.982813
0.982815
0.982816
0.982861
0.982874
0.982892
0.982897
0.982959
0.982979
0.982984
0.982985
0.982985
0.982993
0.98301
0.983055
0.983088
0.983115
0.983117
0.983125
0.983125
0.98313
0.983131
0.983134
0.983154
0.983163
0.983166
0.983169
0.983178
0.983183
0.983203
0.983213
0.98323
0.983232
0.983243
0.983287
0.983329
0.983339
0.983346
0.983356
0.983358
0.983379
0.983419
0.983422
0.983432
0.98348
0.983516
0.983528
0.983552
0.983586
0.983586
0.983587
0.983597
0.983611
0.983617
0.983652
0.983653
0.983666
0.983706
0.983732
0.983746
0.983791
0.983791
0.983802
0.983807
0.983848
0.983871
0.983892
0.983924
0.983971
0.984005
0.98401
0.984019
0.984041
0.984047
0.984088
0.98412
0.98413
0.984166
0.984193
0.984199
0.984204
0.984206
0.984212
0.984214
0.984229
0.984237
0.984238
0.984242
0.984255
0.984268
0.98428
0.984326
0.984417
0.984422
0.984455
0.98446
0.984466
0.984482
0.9845
0.984514
0.984543
0.984595
0.984609
0.984627
0.984635
0.984656
0.984667
0.984667
0.984689
0.984713
0.984721
0.984746
0.984746
0.984762
0.984766
0.984768
0.984863
0.984863
0.984873
0.984878
0.984878
0.984881
0.984881
0.984884
0.98489
0.984899
0.9849
0.984919
0.984944
0.984955
0.984956
0.984956
0.984991
0.984997
0.985013
0.985034
0.985062
0.985067
0.985072
0.98508
0.9851
0.985102
0.985104
0.985133
0.985156
0.98517
0.985182
0.985183
0.985192
0.985201
0.985209
0.98524
0.985257
0.985271
0.985277
0.985313
0.985357
0.985367
0.985371
0.985378
0.985439
0.985442
0.985455
0.985468
0.985478
0.985478
0.985507
0.985515
0.985522
0.985575
0.985577
0.985588
0.985603
0.985616
0.985618
0.985629
0.98569
0.985694
0.985695
0.985701
0.985721
0.985747
0.985766
0.985773
0.985781
0.985796
0.985802
0.985821
0.985824
0.98584
0.985854
0.985856
0.985856
0.98586
0.985884
0.985888
0.985904
0.985906
0.985907
0.985912
0.985977
0.986029
0.986037
0.986037
0.98604
0.986061
0.986066
0.986086
0.986094
0.986111
0.986136
0.986142
0.986151
0.986157
0.986167
0.986168
0.986219
0.986229
0.986241
0.986246
0.98626
0.986291
0.986295
0.986324
0.98634
0.986368
0.986377
0.986383
0.986387
0.986401
0.986404
0.986424
0.986449
0.986453
0.986454
0.98652
0.986523
0.986526
0.986541
0.986555
0.986559
0.986601
0.986617
0.986638
0.986639
0.98665
0.986686
0.986732
0.986736
0.98674
0.986755
0.986788
0.986795
0.986807
0.98682
0.986909
0.986909
0.986912
0.986915
0.986918
0.986919
0.986938
0.986938
0.986948
0.986967
0.986967
0.98697
0.986972
0.98698
0.986985
0.986994
0.986995
0.987008
0.987012
0.987021
0.987033
0.98704
0.987041
0.987045
0.987047
0.987055
0.98706
0.987084
0.987104
0.987105
0.987109
0.987121
0.987129
0.987132
0.987152
0.987179
0.987206
0.987206
0.987208
0.987223
0.987227
0.987228
0.987229
0.987236
0.98726
0.98726
0.98728
0.987288
0.987289
0.987304
0.98731
0.987313
0.987329
0.987335
0.987354
0.987359
0.987377
0.987381
0.987386
0.987409
0.987413
0.987415
0.987434
0.987462
0.987501
0.987502
0.987506
0.987524
0.987542
0.987568
0.98757
0.987593
0.987599
0.987665
0.987675
0.98768
0.987694
0.987699
0.987701
0.987704
0.987715
0.987716
0.987722
0.987733
0.987739
0.987757
0.987758
0.987774
0.987779
0.987796
0.98785
0.987864
0.987874
0.987889
0.987893
0.987913
0.987925
0.987928
0.987933
0.987944
0.98796
0.987983
0.987998
0.987999
0.98803
0.988051
0.988052
0.988066
0.988067
0.988072
0.988089
0.988097
0.988098
0.988128
0.988159
0.98816
0.988163
0.988164
0.988183
0.988192
0.98822
0.988222
0.988228
0.988241
0.988266
0.988287
0.988293
0.988295
0.988303
0.988314
0.988322
0.98833
0.988351
0.98845
0.988455
0.988467
0.988472
0.988478
0.988483
0.988509
0.988511
0.988539
0.98854
0.988546
0.98855
0.988558
0.988566
0.988567
0.988596
0.988609
0.98863
0.988653
0.988665
0.988684
0.988691
0.988701
0.988724
0.988733
0.988766
0.988771
0.988787
0.988807
0.988807
0.988843
0.988853
0.988854
0.988859
0.988892
0.988964
0.988967
0.988985
0.988988
0.988998
0.989003
0.989007
0.989061
0.989064
0.98911
0.989127
0.989128
0.989158
0.98916
0.989179
0.989183
0.989201
0.989209
0.989221
0.989222
0.989234
0.989242
0.989256
0.989283
0.989294
0.989296
0.989306
0.989366
0.98938
0.9894
0.989442
0.989468
0.989472
0.989485
0.989522
0.989527
0.98953
0.989536
0.989573
0.989596
0.989615
0.989643
0.989648
0.989674
0.989687
0.989693
0.989696
0.989706
0.989739
0.989741
0.989758
0.989803
0.989807
0.989818
0.989819
0.989828
0.989835
0.989848
0.98985
0.989871
0.989875
0.989913
0.989919
0.989933
0.989961
0.989976
0.98998
0.989985
0.989987
0.990008
0.990025
0.990039
0.990051
0.990051
0.990052
0.990068
0.990077
0.990128
0.990147
0.990158
0.990165
0.99018
0.990191
0.990213
0.990217
0.990236
0.990239
0.990255
0.990258
0.990283
0.990336
0.990344
0.990355
0.990391
0.990407
0.990431
0.990444
0.990455
0.990461
0.990503
0.990521
0.990522
0.990523
0.990588
0.990629
0.990649
0.990663
0.990676
0.990694
0.990697
0.990698
0.990719
0.99079
0.99083
0.990855
0.990859
0.99087
0.990872
0.990873
0.990879
0.990882
0.990884
0.990895
0.990913
0.990943
0.99095
0.991008
0.991035
0.991059
0.991088
0.991095
0.991103
0.991123
0.991128
0.991134
0.991155
0.991155
0.991163
0.991168
0.991195
0.991212
0.991217
0.991226
0.991236
0.991241
0.991255
0.991258
0.991268
0.991289
0.991302
0.991328
0.991361
0.991366
0.991367
0.991373
0.991377
0.991396
0.991429
0.991433
0.991447
0.991457
0.99147
0.991494
0.991509
0.991529
0.991555
0.991589
0.99161
0.991613
0.991626
0.991644
0.991665
0.991666
0.991669
0.991679
0.99168
0.991686
0.991686
0.991689
0.9917
0.991726
0.991729
0.991744
0.991752
0.991777
0.9918
0.991803
0.99182
0.991827
0.991839
0.991847
0.991856
0.991875
0.991889
0.991922
0.991939
0.991942
0.991944
0.99196
0.99196
0.991979
0.991987
0.991989
0.992
0.992018
0.992028
0.992088
0.992088
0.992111
0.992123
0.992124
0.992162
0.992179
0.992197
0.992202
0.992205
0.992206
0.992219
0.992229
0.992259
0.992272
0.992319
0.992335
0.992363
0.992366
0.992376
0.992403
0.992414
0.992438
0.992441
0.992458
0.992464
0.992474
0.992498
0.992498
0.992515
0.992516
0.992526
0.992537
0.992564
0.992589
0.992596
0.992596
0.992604
0.992621
0.992629
0.992631
0.992636
0.992642
0.992673
0.992727
0.992733
0.992743
0.992749
0.992755
0.992763
0.992772
0.992784
0.992794
0.992801
0.992832
0.992852
0.992869
0.992875
0.992889
0.992894
0.992908
0.99292
0.992924
0.99297
0.992972
0.993
0.993007
0.99304
0.993055
0.993055
0.993057
0.993064
0.993075
0.99308
0.993086
0.993111
0.993111
0.993115
0.993116
0.993126
0.993131
0.993132
0.993132
0.993153
0.99317
0.993185
0.993185
0.993187
0.993212
0.993214
0.993242
0.99326
0.993279
0.993283
0.993286
0.993296
0.993298
0.99333
0.993338
0.99335
0.993392
0.993394
0.993414
0.993416
0.993418
0.993423
0.993431
0.993452
0.993454
0.993501
0.993517
0.993519
0.993528
0.993537
0.993546
0.993555
0.993557
0.993584
0.993585
0.993586
0.993588
0.993605
0.993607
0.993612
0.993619
0.993637
0.993644
0.993648
0.993651
0.993678
0.993686
0.993689
0.993689
0.993712
0.993718
0.993747
0.993749
0.993754
0.993757
0.993758
0.993783
0.993784
0.993784
0.993813
0.993828
0.993829
0.993832
0.993859
0.993868
0.993882
0.993887
0.9939
0.993906
0.993911
0.993928
0.993937
0.993943
0.993981
0.99399
0.993997
0.994001
0.994004
0.994021
0.994037
0.99404
0.994052
0.994055
0.994069
0.994093
0.994101
0.994105
0.994122
0.994137
0.994141
0.994167
0.994198
0.994207
0.994209
0.994231
0.994246
0.99428
0.994281
0.994333
0.994365
0.99437
0.994376
0.994388
0.994389
0.994394
0.994426
0.994432
0.99444
0.994456
0.99449
0.994508
0.99451
0.994524
0.994524
0.994531
0.994555
0.994567
0.994568
0.994573
0.994575
0.994593
0.994596
0.994597
0.9946
0.994603
0.994614
0.994619
0.994637
0.994639
0.99464
0.994656
0.994702
0.994713
0.994724
0.994726
0.994821
0.994851
0.994867
0.994884
0.9949
0.994961
0.994961
0.99497
0.994983
0.994999
0.995023
0.995035
0.995038
0.995081
0.995091
0.995097
0.995124
0.995156
0.995161
0.995204
0.995222
0.995228
0.995239
0.995256
0.995275
0.995289
0.995302
0.995315
0.995318
0.995378
0.995381
0.995395
0.995398
0.995403
0.995425
0.995444
0.995447
0.995457
0.995475
0.995493
0.995549
0.995567
0.995589
0.995594
0.995601
0.995611
0.995612
0.995629
0.995644
0.995647
0.995655
0.995667
0.99571
0.995713
0.995757
0.995777
0.995778
0.995785
0.995788
0.995797
0.995799
0.995833
0.995867
0.995869
0.995878
0.995879
0.99588
0.995883
0.995919
0.995923
0.995958
0.995975
0.995986
0.996004
0.996021
0.996045
0.996059
0.996065
0.996067
0.996071
0.996072
0.99609
0.996099
0.996113
0.996119
0.996129
0.996136
0.99615
0.996201
0.996218
0.996243
0.996249
0.996288
0.996301
0.996302
0.996318
0.996338
0.996339
0.996345
0.996357
0.996362
0.996368
0.996389
0.996391
0.996395
0.9964
0.996408
0.996414
0.996427
0.996446
0.99646
0.996484
0.996498
0.9965
0.99652
0.996541
0.996557
0.99658
0.996586
0.996589
0.996599
0.996601
0.996634
0.996639
0.996643
0.99666
0.996669
0.996674
0.996681
0.996705
0.996706
0.996735
0.996743
0.996766
0.996771
0.996773
0.996775
0.996776
0.996798
0.996807
0.996818
0.996824
0.996826
0.996829
0.99683
0.996833
0.996851
0.996852
0.996865
0.996872
0.996888
0.996915
0.996924
0.996931
0.996941
0.996945
0.996965
0.996982
0.996991
0.99701
0.997018
0.997039
0.997088
0.997139
0.997141
0.997166
0.997202
0.997206
0.99722
0.997232
0.997238
0.99724
0.997242
0.997264
0.997278
0.997312
0.997326
0.997329
0.99735
0.997351
0.997367
0.997386
0.997387
0.997403
0.997405
0.997406
0.997443
0.997464
0.997518
0.997521
0.997522
0.997531
0.997539
0.997547
0.997551
0.997585
0.9976
0.997616
0.997633
0.997645
0.997651
0.997664
0.997672
0.997672
0.997686
0.997704
0.997726
0.997759
0.997761
0.997772
0.997801
0.997821
0.997855
0.997859
0.997873
0.997874
0.997879
0.99788
0.997944
0.997947
0.997972
0.997981
0.997992
0.998015
0.998025
0.998029
0.99803
0.99804
0.99806
0.998091
0.998092
0.998095
0.998101
0.998134
0.998144
0.998175
0.998178
0.998191
0.998193
0.998202
0.99822
0.998226
0.998226
0.998229
0.998254
0.998276
0.998344
0.998346
0.99836
0.998366
0.998378
0.998379
0.998383
0.998388
0.998399
0.998406
0.99841
0.998462
0.998465
0.998487
0.998494
0.998511
0.998512
0.998516
0.998539
0.998569
0.998582
0.998585
0.998604
0.99861
0.998624
0.998632
0.998674
0.998679
0.998685
0.998687
0.998703
0.998703
0.998705
0.998706
0.998709
0.998737
0.998755
0.998769
0.998776
0.998798
0.99886
0.998873
0.998889
0.998912
0.998939
0.998954
0.998967
0.998974
0.998993
0.999028
0.999044
0.99905
0.99907
0.999074
0.999076
0.999081
0.999094
0.999103
0.999121
0.999129
0.999179
0.999186
0.999191
0.999192
0.999199
0.9992
0.99921
0.999214
0.999222
0.999239
0.999249
0.999263
0.999273
0.999279
0.99929
0.999305
0.999305
0.999316
0.999321
0.999342
0.999374
0.999391
0.999392
0.999403
0.999406
0.999411
0.99942
0.999435
0.999443
0.999451
0.999459
0.999463
0.999465
0.99947
0.999473
0.999478
0.999493
0.999499
0.999509
0.999516
0.99952
0.999583
0.999602
0.999614
0.99962
0.999621
0.999634
0.999683
0.999689
0.999704
0.999717
0.999723
0.999723
0.99973
0.999766
0.999775
0.999821
0.999839
0.999874
0.999886
0.9999
0.999915
0.999948
0.999958
0.999961
0.999972
0.999984
1.00004
1.00004
1.00005
1.00006
1.00006
1.00012
1.00013
1.00013
1.00017
1.00018
1.00018
1.00019
1.00019
1.00019
1.0002
1.00021
1.00023
1.00024
1.00024
1.00025
1.00026
1.00029
1.0003
1.0003
1.00034
1.00035
1.00036
1.00037
1.00041
1.00041
1.00046
1.00047
1.00047
1.00049
1.00052
1.00052
1.00057
1.00057
1.00058
1.00059
1.00059
1.0006
1.00062
1.00062
1.00066
1.00068
1.00068
1.00069
1.0007
1.00072
1.00072
1.00073
1.00074
1.00079
1.0008
1.00083
1.00084
1.00084
1.00086
1.00086
1.00086
1.00087
1.00087
1.00091
1.00091
1.00092
1.00092
1.00094
1.00097
1.00098
1.00099
1.00102
1.00103
1.00105
1.00107
1.00109
1.00112
1.00118
1.00118
1.00118
1.00121
1.00122
1.00123
1.00123
1.00123
1.00124
1.00125
1.00125
1.00131
1.00133
1.00139
1.00139
1.0014
1.00143
1.00145
1.00148
1.00148
1.00149
1.0015
1.00151
1.00152
1.00154
1.00155
1.00155
1.00157
1.0016
1.00162
1.00165
1.00165
1.00166
1.00167
1.00167
1.00169
1.0017
1.0017
1.00176
1.00177
1.00178
1.00179
1.0018
1.00183
1.00184
1.00184
1.00185
1.00186
1.00188
1.00188
1.00188
1.00191
1.00194
1.00194
1.00199
1.002
1.00201
1.00208
1.00208
1.00211
1.00211
1.00212
1.00213
1.00215
1.00215
1.00216
1.00217
1.00219
1.0022
1.0022
1.00223
1.00224
1.00224
1.00224
1.0023
1.0023
1.00231
1.00233
1.00233
1.00234
1.00235
1.00236
1.00236
1.00236
1.00238
1.00239
1.0024
1.00241
1.00241
1.00241
1.00242
1.00242
1.00247
1.00248
1.00252
1.00252
1.00253
1.00253
1.00254
1.00258
1.00259
1.0026
1.00261
1.00262
1.00263
1.00264
1.00265
1.00266
1.00266
1.00266
1.00268
1.00269
1.0027
1.00271
1.00272
1.00272
1.00274
1.00275
1.00275
1.00277
1.00281
1.00283
1.00284
1.00285
1.00286
1.00286
1.00287
1.00287
1.00287
1.00288
1.00289
1.00289
1.0029
1.0029
1.0029
1.0029
1.00292
1.00292
1.00292
1.00294
1.00294
1.00297
1.00298
1.003
1.00302
1.00302
1.00311
1.00312
1.00312
1.00314
1.00314
1.00316
1.00322
1.00325
1.0033
1.00331
1.00334
1.00334
1.00336
1.00336
1.00337
1.0034
1.00342
1.00343
1.00344
1.00351
1.00354
1.00355
1.00355
1.00356
1.00358
1.00361
1.00362
1.00363
1.00363
1.00364
1.00368
1.00369
1.0037
1.0037
1.0037
1.00372
1.00372
1.00372
1.00373
1.00374
1.00374
1.00374
1.00374
1.00375
1.00379
1.0038
1.00384
1.00385
1.00388
1.00388
1.0039
1.00392
1.00393
1.00393
1.00397
1.00401
1.00404
1.00405
1.00405
1.00407
1.00409
1.0041
1.00411
1.00414
1.00416
1.00417
1.00419
1.00419
1.00425
1.00427
1.00428
1.0043
1.00431
1.00432
1.00434
1.00439
1.0044
1.0044
1.00442
1.00443
1.00447
1.00451
1.00453
1.00457
1.00457
1.00457
1.0046
1.0046
1.00461
1.00461
1.00465
1.00466
1.00467
1.00469
1.0047
1.00471
1.00474
1.00474
1.00475
1.00476
1.00476
1.00477
1.00477
1.00478
1.00478
1.0048
1.0048
1.00481
1.00484
1.00484
1.00485
1.00485
1.00488
1.00489
1.00491
1.00494
1.00496
1.00501
1.00501
1.00502
1.00504
1.00505
1.00506
1.00507
1.00508
1.00509
1.00511
1.00511
1.00512
1.00514
1.00516
1.00516
1.00517
1.00518
1.00518
1.00519
1.00521
1.00523
1.00524
1.00527
1.00529
1.00529
1.00532
1.00533
1.00538
1.00539
1.00541
1.00543
1.00543
1.00547
1.00547
1.00548
1.00548
1.00549
1.00549
1.00551
1.00551
1.00554
1.00554
1.00556
1.0056
1.00562
1.00563
1.00564
1.00564
1.00565
1.00566
1.00568
1.00574
1.00575
1.00575
1.00579
1.00582
1.00584
1.00587
1.00589
1.00592
1.00596
1.00597
1.00597
1.00599
1.00599
1.00601
1.00601
1.00602
1.00603
1.00604
1.00604
1.00606
1.00607
1.0061
1.0061
1.0061
1.00611
1.00613
1.00614
1.00614
1.00615
1.00618
1.00621
1.00623
1.00625
1.00625
1.00626
1.00626
1.00627
1.00634
1.00636
1.0064
1.00642
1.00647
1.0065
1.00651
1.00652
1.00652
1.00653
1.00653
1.00655
1.00658
1.00659
1.00662
1.00663
1.00663
1.00664
1.00665
1.00665
1.00667
1.0067
1.00673
1.00673
1.00674
1.00676
1.00678
1.00678
1.00678
1.00679
1.00679
1.0068
1.00683
1.00685
1.00686
1.00686
1.00686
1.00687
1.00687
1.00687
1.00688
1.00689
1.00695
1.00697
1.00699
1.007
1.00706
1.00706
1.00708
1.00709
1.0071
1.0071
1.00712
1.00712
1.00712
1.00715
1.00715
1.00715
1.00718
1.00718
1.0072
1.0072
1.00726
1.00727
1.0073
1.0073
1.00731
1.00731
1.00731
1.00731
1.00731
1.00732
1.00732
1.00732
1.00734
1.00735
1.00736
1.00737
1.00738
1.00739
1.00739
1.0074
1.00741
1.00741
1.00743
1.00743
1.00745
1.00747
1.00748
1.00751
1.00752
1.00752
1.00752
1.00754
1.00756
1.00756
1.00757
1.00758
1.0076
1.00763
1.00765
1.00766
1.00771
1.00771
1.00771
1.00771
1.00771
1.00772
1.00772
1.00773
1.00774
1.00778
1.00778
1.00779
1.00781
1.00781
1.00783
1.00784
1.00785
1.00788
1.00791
1.00791
1.00792
1.00793
1.00793
1.00795
1.00795
1.00803
1.00804
1.00805
1.00805
1.00806
1.00806
1.00807
1.00807
1.00808
1.0081
1.00811
1.00812
1.00812
1.00813
1.00815
1.00815
1.00816
1.00818
1.00818
1.00819
1.00821
1.00822
1.00825
1.00825
1.00827
1.00828
1.00828
1.0083
1.0083
1.00831
1.00835
1.00835
1.00835
1.00836
1.00837
1.00837
1.00837
1.00837
1.00839
1.0084
1.0084
1.0084
1.0084
1.00843
1.00843
1.00843
1.00848
1.00849
1.00854
1.00856
1.00856
1.00858
1.00862
1.00863
1.00864
1.00866
1.00866
1.00867
1.00868
1.00868
1.00869
1.0087
1.00871
1.00874
1.00877
1.00878
1.00879
1.00879
1.00881
1.00883
1.00884
1.00884
1.0089
1.00891
1.00892
1.00893
1.00895
1.00896
1.00896
1.00898
1.00902
1.00904
1.00906
1.00907
1.00907
1.00909
1.00909
1.0091
1.0091
1.00914
1.00915
1.00915
1.00916
1.00917
1.00919
1.0092
1.00921
1.00924
1.00925
1.00926
1.00932
1.00932
1.00933
1.00933
1.00935
1.00935
1.00939
1.00939
1.0094
1.00941
1.00941
1.00944
1.00945
1.00947
1.00948
1.00952
1.00952
1.00955
1.00958
1.0096
1.0096
1.0096
1.00962
1.00963
1.00964
1.00965
1.00966
1.00973
1.00975
1.00978
1.00979
1.00981
1.00981
1.00982
1.00983
1.00985
1.00985
1.00986
1.00987
1.00988
1.00989
1.00991
1.00993
1.00994
1.00997
1.00998
1.00999
1.01
1.01001
1.01002
1.01002
1.01002
1.01002
1.01003
1.01004
1.01005
1.01006
1.01008
1.0101
1.01011
1.01012
1.01014
1.01018
1.01021
1.01021
1.01022
1.01023
1.01024
1.01026
1.01026
1.01028
1.01029
1.01029
1.0103
1.01031
1.01032
1.01034
1.01039
1.0104
1.01042
1.01043
1.01044
1.01045
1.01049
1.0105
1.01051
1.01052
1.01053
1.01057
1.01059
1.01062
1.01065
1.01068
1.0107
1.01071
1.01071
1.01071
1.01072
1.01072
1.01073
1.01073
1.01074
1.01074
1.01075
1.01077
1.01078
1.01086
1.01087
1.01089
1.01095
1.01097
1.01099
1.011
1.01102
1.01103
1.01104
1.01105
1.01106
1.01106
1.01108
1.01112
1.01113
1.01114
1.01115
1.01116
1.01123
1.01124
1.01124
1.01125
1.01125
1.01127
1.01127
1.01129
1.0113
1.01131
1.01139
1.01139
1.01139
1.0114
1.01144
1.01145
1.01156
1.01157
1.01158
1.01161
1.01165
1.01165
1.01165
1.01166
1.01166
1.0117
1.01174
1.01178
1.01179
1.0118
1.0118
1.0118
1.01181
1.01185
1.01187
1.01187
1.01188
1.01188
1.01188
1.01189
1.01194
1.01196
1.01198
1.01198
1.01198
1.012
1.012
1.012
1.01203
1.01204
1.01205
1.01207
1.01208
1.01209
1.01209
1.01211
1.01212
1.01213
1.01214
1.01216
1.01217
1.01221
1.01222
1.01225
1.01226
1.01227
1.01229
1.0123
1.0123
1.01231
1.01231
1.01232
1.01235
1.01236
1.01236
1.01236
1.01237
1.01237
1.01237
1.01241
1.01241
1.01241
1.01241
1.01241
1.01242
1.01243
1.01243
1.01245
1.01247
1.01247
1.01247
1.01249
1.0125
1.0125
1.01251
1.01252
1.01252
1.01254
1.01254
1.01257
1.01258
1.01262
1.01266
1.01267
1.01268
1.01269
1.01269
1.01269
1.01269
1.01272
1.01275
1.01275
1.01277
1.01278
1.01279
1.01279
1.01279
1.0128
1.01282
1.01284
1.01285
1.01288
1.01288
1.0129
1.01293
1.01298
1.01314
1.01316
1.01316
1.01318
1.01318
1.01322
1.01323
1.01324
1.01325
1.01327
1.01327
1.01327
1.01328
1.0133
1.01331
1.01331
1.01332
1.01332
1.01333
1.01335
1.01335
1.01335
1.01337
1.01338
1.01347
1.01348
1.01349
1.01349
1.01349
1.01351
1.01351
1.01352
1.01354
1.01357
1.01357
1.01357
1.01358
1.01358
1.0136
1.01361
1.01361
1.01364
1.01364
1.01368
1.01368
1.01368
1.01369
1.0137
1.0137
1.0137
1.0137
1.01371
1.01373
1.01377
1.0138
1.01383
1.01384
1.01385
1.01386
1.01386
1.01388
1.01391
1.01392
1.01392
1.01393
1.01395
1.01395
1.01401
1.01402
1.01403
1.01404
1.01406
1.01407
1.0141
1.01411
1.01413
1.01413
1.01413
1.01414
1.01416
1.01416
1.01417
1.01417
1.01418
1.01418
1.01419
1.0142
1.0142
1.01421
1.01426
1.0143
1.0143
1.0143
1.01431
1.01436
1.01436
1.0144
1.01442
1.01443
1.01443
1.01445
1.01446
1.01448
1.01448
1.0145
1.01451
1.01451
1.01453
1.01453
1.01453
1.01454
1.01456
1.01458
1.01459
1.01459
1.0146
1.0146
1.0146
1.01462
1.01462
1.01463
1.01465
1.01466
1.01466
1.01467
1.01468
1.01468
1.0147
1.0147
1.0147
1.01472
1.01473
1.01476
1.01476
1.01478
1.01479
1.0148
1.0148
1.01481
1.01482
1.01484
1.01484
1.01486
1.01489
1.0149
1.01491
1.01494
1.01497
1.01498
1.015
1.01501
1.01502
1.01503
1.01505
1.01505
1.01506
1.01509
1.01509
1.0151
1.01511
1.01511
1.01514
1.01517
1.01519
1.01523
1.01523
1.01524
1.01525
1.01526
1.01526
1.01526
1.01526
1.01528
1.01528
1.01528
1.01528
1.0153
1.0153
1.01531
1.01536
1.01536
1.01537
1.01538
1.0154
1.01541
1.01544
1.01545
1.01547
1.01548
1.01548
1.01549
1.01549
1.0155
1.0155
1.01552
1.01559
1.0156
1.01561
1.01563
1.01563
1.01564
1.01566
1.01566
1.01567
1.01572
1.01574
1.01575
1.01578
1.01579
1.01583
1.01586
1.01588
1.01588
1.01588
1.0159
1.0159
1.0159
1.01591
1.01597
1.01597
1.01598
1.01602
1.01603
1.01606
1.01607
1.0161
1.0161
1.01611
1.01614
1.01615
1.01615
1.01623
1.01626
1.01627
1.01627
1.01627
1.0163
1.01635
1.01637
1.01643
1.01644
1.01646
1.01648
1.01652
1.01652
1.01653
1.01654
1.01656
1.01657
1.01657
1.0166
1.01664
1.01665
1.01667
1.0167
1.0167
1.01671
1.01673
1.01673
1.01676
1.01679
1.01682
1.01683
1.01683
1.01684
1.01684
1.01686
1.01686
1.01687
1.01689
1.01689
1.01691
1.01691
1.01692
1.01694
1.01699
1.017
1.017
1.01703
1.01707
1.01708
1.01708
1.01712
1.01718
1.01718
1.01719
1.01723
1.01723
1.01723
1.01724
1.01726
1.01727
1.01729
1.0173
1.01731
1.01735
1.01735
1.0174
1.01741
1.01742
1.01743
1.01743
1.01747
1.01749
1.01752
1.01753
1.01758
1.01761
1.01763
1.01764
1.01766
1.01768
1.01768
1.01769
1.01769
1.0177
1.01771
1.01772
1.01774
1.01777
1.01777
1.01778
1.01782
1.01784
1.01785
1.01785
1.01786
1.01787
1.01788
1.01793
1.01795
1.01797
1.01799
1.018
1.01807
1.01808
1.01811
1.01812
1.01813
1.01814
1.01818
1.01819
1.01819
1.0182
1.0182
1.01821
1.01822
1.01823
1.01828
1.01831
1.01837
1.01838
1.0184
1.01842
1.01843
1.01844
1.01845
1.0185
1.0185
1.01852
1.01852
1.01855
1.01855
1.0186
1.01869
1.01869
1.01871
1.01873
1.01874
1.01877
1.01878
1.0188
1.0188
1.0188
1.0188
1.01882
1.01883
1.01885
1.01887
1.0189
1.0189
1.01892
1.01892
1.01897
1.01899
1.01899
1.019
1.01902
1.01907
1.01908
1.01909
1.01915
1.01916
1.01917
1.01917
1.01918
1.0192
1.01922
1.01923
1.01924
1.01925
1.01926
1.01927
1.01927
1.01928
1.01929
1.01929
1.01931
1.01934
1.01935
1.01935
1.01937
1.01938
1.01939
1.01941
1.01943
1.01944
1.01944
1.01945
1.01947
1.01949
1.01949
1.0195
1.0195
1.01951
1.01952
1.01954
1.01955
1.01955
1.01956
1.0196
1.01964
1.01964
1.01965
1.01966
1.01967
1.01968
1.01969
1.0197
1.0197
1.01972
1.01975
1.01976
1.01977
1.01978
1.0198
1.0198
1.01984
1.01987
1.01989
1.01991
1.01994
1.01994
1.01997
1.02
1.02002
1.02003
1.02005
1.02005
1.02005
1.02008
1.0201
1.02013
1.02013
1.02014
1.02015
1.02015
1.02016
1.02016
1.02018
1.0202
1.02022
1.02023
1.02024
1.02025
1.02027
1.02027
1.02027
1.02028
1.02029
1.02029
1.0203
1.02035
1.02036
1.02037
1.02037
1.02038
1.02039
1.0204
1.0204
1.02043
1.02043
1.02044
1.02045
1.02048
1.02048
1.02049
1.02049
1.0205
1.0205
1.02051
1.02054
1.02054
1.02055
1.02059
1.02059
1.0206
1.0206
1.02063
1.02063
1.02063
1.02066
1.02068
1.0207
1.02071
1.02072
1.02072
1.02073
1.02075
1.02082
1.02084
1.02085
1.02088
1.02088
1.02091
1.02091
1.02092
1.02093
1.02093
1.02094
1.02095
1.02096
1.02097
1.02099
1.021
1.02101
1.02101
1.02102
1.02102
1.02103
1.02103
1.02104
1.02106
1.02106
1.0211
1.0211
1.02112
1.02114
1.02114
1.02117
1.02117
1.02122
1.02124
1.02143
1.02143
1.02149
1.0215
1.02151
1.02153
1.02158
1.02159
1.02161
1.02163
1.02164
1.02169
1.02169
1.0217
1.02175
1.02176
1.02176
1.02178
1.02178
1.02179
1.02182
1.02185
1.02186
1.02187
1.0219
1.02193
1.02197
1.02198
1.02203
1.02206
1.02207
1.02207
1.0221
1.02211
1.02213
1.02213
1.02213
1.02213
1.02215
1.02217
1.02217
1.02217
1.02218
1.02219
1.02219
1.02222
1.02222
1.02225
1.02226
1.0223
1.02231
1.02231
1.02231
1.02236
1.02237
1.02238
1.0224
1.02246
1.02247
1.02247
1.02252
1.02255
1.02256
1.02256
1.02256
1.02257
1.02257
1.02258
1.02261
1.02262
1.02262
1.02265
1.02265
1.02266
1.02266
1.02269
1.02269
1.02272
1.02273
1.02273
1.02274
1.02274
1.02276
1.02278
1.02278
1.0228
1.0228
1.02281
1.02281
1.02283
1.02284
1.02284
1.02288
1.0229
1.0229
1.02291
1.02291
1.02294
1.02298
1.02298
1.02299
1.02301
1.02305
1.02306
1.02306
1.02307
1.02309
1.02309
1.02311
1.02312
1.02312
1.02313
1.02314
1.02316
1.02317
1.02321
1.02323
1.02325
1.02327
1.02328
1.02329
1.0233
1.0233
1.0233
1.02331
1.02332
1.02333
1.02335
1.02336
1.02337
1.02339
1.02339
1.02345
1.02345
1.02346
1.02347
1.02347
1.02348
1.02351
1.02353
1.02356
1.02356
1.02357
1.02359
1.02359
1.02362
1.02364
1.02368
1.02371
1.02371
1.02373
1.02373
1.0238
1.02382
1.02383
1.02386
1.02387
1.02396
1.02396
1.02396
1.02399
1.024
1.02401
1.02402
1.02403
1.02403
1.02403
1.02403
1.02404
1.02405
1.02405
1.02406
1.02407
1.02411
1.02411
1.02412
1.02413
1.02415
1.02415
1.02416
1.02421
1.02422
1.02423
1.02424
1.02425
1.02426
1.02428
1.02428
1.02428
1.02429
1.0243
1.0243
1.02433
1.02435
1.02436
1.02437
1.02438
1.02441
1.02445
1.0245
1.02452
1.02452
1.02453
1.02454
1.02455
1.02457
1.0246
1.0246
1.02462
1.02463
1.02465
1.02466
1.02467
1.02479
1.0248
1.02481
1.02483
1.02484
1.02484
1.02484
1.02485
1.02487
1.02491
1.02492
1.02494
1.02494
1.02496
1.02497
1.02499
1.025
1.025
1.02501
1.02502
1.02506
1.02506
1.02509
1.02513
1.02514
1.02514
1.02516
1.02517
1.02518
1.02518
1.02521
1.02527
1.02527
1.02528
1.0253
1.02532
1.02535
1.02535
1.02536
1.02538
1.02542
1.02544
1.02545
1.02546
1.02546
1.02547
1.02547
1.02548
1.02551
1.02551
1.02551
1.02552
1.02555
1.02555
1.02555
1.02555
1.02556
1.02556
1.02558
1.02559
1.02559
1.02561
1.02563
1.02564
1.02567
1.02571
1.02572
1.02573
1.02575
1.02576
1.02576
1.02577
1.02577
1.02579
1.02583
1.02583
1.02584
1.02586
1.02589
1.02592
1.02592
1.02593
1.02593
1.02593
1.02595
1.02595
1.02599
1.026
1.02602
1.02603
1.02604
1.02604
1.02606
1.02606
1.02608
1.02611
1.02615
1.02615
1.02618
1.02618
1.0262
1.02621
1.02625
1.02625
1.02625
1.02627
1.02628
1.02628
1.02628
1.02628
1.02629
1.02631
1.02632
1.02632
1.02632
1.02633
1.02634
1.02635
1.02635
1.02637
1.02638
1.02638
1.02639
1.02641
1.02642
1.02648
1.0265
1.02655
1.02655
1.02655
1.02659
1.02659
1.02662
1.02663
1.02665
1.02665
1.02665
1.02667
1.02668
1.02669
1.02672
1.02674
1.02675
1.02675
1.02676
1.02692
1.02693
1.02697
1.02698
1.027
1.02703
1.02704
1.02706
1.02706
1.02707
1.02707
1.02709
1.0271
1.02716
1.02717
1.02719
1.02723
1.02724
1.02729
1.02729
1.0273
1.0273
1.02731
1.02731
1.02734
1.02735
1.02735
1.02741
1.02741
1.02741
1.02744
1.02744
1.02744
1.02744
1.02745
1.02745
1.02746
1.02746
1.02749
1.0275
1.02756
1.02759
1.02761
1.02761
1.02761
1.02762
1.02765
1.02769
1.0277
1.02778
1.02778
1.02778
1.02778
1.02779
1.0278
1.02781
1.02783
1.02785
1.02787
1.02788
1.02789
1.0279
1.02791
1.02798
1.02798
1.02801
1.02802
1.02805
1.02806
1.02806
1.02808
1.02811
1.02812
1.02814
1.02815
1.02817
1.02819
1.0282
1.02822
1.02826
1.02826
1.02828
1.02835
1.02836
1.02836
1.02838
1.0284
1.02841
1.02841
1.02841
1.02841
1.02842
1.02848
1.02853
1.02853
1.02855
1.02857
1.02859
1.0286
1.02861
1.02863
1.02866
1.02866
1.02867
1.02874
1.02876
1.02876
1.02876
1.02876
1.02876
1.02877
1.0288
1.0288
1.02883
1.02885
1.02887
1.02888
1.0289
1.02893
1.02893
1.02894
1.02896
1.02897
1.02899
1.02901
1.02901
1.02903
1.02903
1.02904
1.02904
1.02905
1.02907
1.02907
1.02907
1.02907
1.02908
1.02909
1.02909
1.02911
1.02912
1.02912
1.02912
1.02914
1.02914
1.02917
1.02918
1.02918
1.02919
1.02921
1.02922
1.02923
1.02927
1.02929
1.0293
1.0293
1.02931
1.02936
1.02938
1.02942
1.02943
1.02943
1.02944
1.02947
1.02948
1.02948
1.0295
1.02952
1.02952
1.02954
1.02956
1.02959
1.02963
1.02964
1.02966
1.02967
1.02974
1.02975
1.02976
1.02976
1.02977
1.02979
1.02981
1.02982
1.02983
1.02986
1.02987
1.02987
1.02988
1.02989
1.02992
1.02993
1.02993
1.02995
1.02996
1.03004
1.03004
1.03009
1.0301
1.03013
1.03015
1.03015
1.03015
1.03016
1.03024
1.03027
1.03029
1.03029
1.03029
1.03032
1.03032
1.03033
1.03037
1.03038
1.0304
1.03041
1.03042
1.03042
1.03043
1.03043
1.03048
1.03048
1.03052
1.03057
1.03059
1.0306
1.03061
1.03061
1.03063
1.03068
1.0307
1.03071
1.03072
1.03072
1.03077
1.03078
1.03079
1.03084
1.03084
1.03084
1.0309
1.03091
1.03092
1.03095
1.03095
1.03097
1.03097
1.03097
1.031
1.03105
1.03105
1.03106
1.03108
1.03109
1.03109
1.03111
1.03113
1.03114
1.03115
1.03119
1.0312
1.03121
1.03121
1.03122
1.03127
1.03127
1.03128
1.0313
1.03131
1.03132
1.03133
1.03134
1.03141
1.03141
1.03145
1.03145
1.03146
1.03149
1.0315
1.03153
1.03154
1.03155
1.03156
1.03158
1.03159
1.03162
1.03166
1.03167
1.03172
1.03174
1.03176
1.03176
1.03177
1.03182
1.03182
1.03183
1.03185
1.03186
1.03189
1.0319
1.03195
1.03196
1.03196
1.03197
1.03199
1.03202
1.03202
1.03203
1.03204
1.03205
1.03209
1.0321
1.0321
1.03212
1.03214
1.03214
1.03214
1.03217
1.0322
1.03221
1.03223
1.03223
1.03223
1.03224
1.03227
1.03231
1.03231
1.03233
1.03233
1.03234
1.03237
1.03239
1.03241
1.03243
1.03244
1.03244
1.03246
1.03247
1.03248
1.03249
1.03249
1.03253
1.03255
1.03256
1.03258
1.03264
1.03264
1.03265
1.03273
1.03278
1.03278
1.03278
1.0328
1.03285
1.03287
1.03287
1.03287
1.03289
1.0329
1.03291
1.03293
1.03296
1.03298
1.03299
1.033
1.03303
1.03304
1.03305
1.03307
1.03308
1.0331
1.03311
1.03311
1.03312
1.03316
1.03319
1.0332
1.03329
1.0333
1.03332
1.03335
1.03337
1.03337
1.03339
1.03339
1.0334
1.03343
1.03344
1.03348
1.03348
1.03348
1.03351
1.03352
1.03353
1.03354
1.03356
1.03357
1.03363
1.03365
1.03365
1.03366
1.03367
1.03371
1.03371
1.03374
1.03376
1.03376
1.03378
1.03379
1.03382
1.03383
1.03383
1.03384
1.03386
1.03387
1.03387
1.0339
1.0339
1.03394
1.03394
1.03396
1.03398
1.03399
1.03399
1.03401
1.03403
1.03404
1.03405
1.03405
1.03408
1.03409
1.03409
1.03409
1.03413
1.03414
1.03414
1.03415
1.03416
1.03418
1.03418
1.0342
1.0342
1.0342
1.03424
1.03425
1.03426
1.03427
1.03427
1.03428
1.03431
1.03433
1.03441
1.03443
1.03445
1.03447
1.03448
1.0345
1.03453
1.03455
1.03456
1.03458
1.03459
1.03461
1.03461
1.03465
1.03466
1.03467
1.03469
1.0347
1.03471
1.03472
1.03477
1.03482
1.03485
1.03488
1.03489
1.0349
1.03491
1.03491
1.03492
1.03492
1.03492
1.03495
1.03499
1.035
1.03507
1.03507
1.03507
1.03509
1.0351
1.0351
1.03511
1.03513
1.03513
1.03514
1.03516
1.03519
1.0352
1.03523
1.03524
1.03527
1.0353
1.03532
1.03537
1.03538
1.03542
1.03544
1.03545
1.03545
1.03546
1.03547
1.03548
1.03549
1.0355
1.0355
1.03551
1.03551
1.03554
1.03555
1.03556
1.03559
1.03562
1.03563
1.03563
1.03564
1.03565
1.03566
1.03568
1.03569
1.03569
1.03571
1.03571
1.03571
1.03576
1.0358
1.0358
1.03581
1.03581
1.03583
1.03585
1.03588
1.03591
1.03592
1.03593
1.03594
1.03598
1.036
1.03601
1.03604
1.03604
1.03609
1.03609
1.03612
1.03612
1.03613
1.03615
1.03617
1.03617
1.03622
1.03623
1.03624
1.03626
1.03627
1.03627
1.03631
1.03631
1.03632
1.03632
1.03637
1.03638
1.03638
1.03641
1.03641
1.03641
1.03643
1.03646
1.03648
1.03653
1.03656
1.0366
1.03661
1.03662
1.03665
1.03665
1.03668
1.03671
1.03671
1.03672
1.03672
1.03673
1.03674
1.03674
1.03675
1.03678
1.0368
1.03681
1.03683
1.03687
1.03687
1.03687
1.03688
1.03691
1.03694
1.03696
1.03698
1.03701
1.03701
1.03703
1.03704
1.03705
1.03705
1.03708
1.03709
1.03709
1.03709
1.03712
1.03718
1.03723
1.03726
1.03726
1.03726
1.03727
1.03728
1.0373
1.03735
1.03737
1.03738
1.03739
1.03742
1.03742
1.03743
1.03745
1.03746
1.03751
1.03751
1.03753
1.03754
1.03754
1.03755
1.03758
1.0376
1.03761
1.03761
1.03767
1.03767
1.03769
1.03769
1.0377
1.03773
1.03774
1.03774
1.03777
1.03778
1.03781
1.03785
1.03786
1.03788
1.03789
1.03789
1.03793
1.038
1.03801
1.03802
1.03802
1.03803
1.03803
1.03804
1.03804
1.03807
1.03808
1.03809
1.03814
1.03815
1.03816
1.03817
1.03817
1.03818
1.03819
1.0382
1.03821
1.03822
1.03822
1.03824
1.03827
1.03834
1.03835
1.03835
1.03835
1.03837
1.03838
1.03838
1.03842
1.03845
1.03848
1.03854
1.03855
1.03856
1.03858
1.03862
1.03862
1.03863
1.03866
1.0387
1.03871
1.03872
1.03874
1.0388
1.03881
1.03882
1.03884
1.03885
1.03885
1.03885
1.03886
1.03886
1.03887
1.03888
1.03891
1.03893
1.03893
1.03896
1.03896
1.03898
1.03898
1.03899
1.039
1.03903
1.03904
1.03905
1.03906
1.03911
1.03911
1.03916
1.03924
1.03927
1.0393
1.03935
1.03935
1.03935
1.03936
1.03937
1.03938
1.03939
1.03941
1.03943
1.03944
1.03944
1.03947
1.03947
1.03948
1.03949
1.03951
1.03951
1.03953
1.03955
1.03957
1.03958
1.03959
1.03965
1.03972
1.03974
1.03977
1.03979
1.03982
1.03982
1.03982
1.03984
1.03988
1.03988
1.03989
1.0399
1.03991
1.03992
1.03992
1.03992
1.03995
1.04
1.04001
1.04001
1.04003
1.04004
1.04005
1.04007
1.04009
1.04012
1.04016
1.04017
1.04019
1.04022
1.04024
1.04029
1.04031
1.04033
1.04034
1.04037
1.04039
1.04042
1.04043
1.04044
1.04046
1.04049
1.04051
1.04054
1.04054
1.04063
1.04066
1.04066
1.04067
1.04073
1.04074
1.04074
1.04076
1.04081
1.04088
1.04091
1.04096
1.04097
1.04099
1.04104
1.04108
1.0411
1.04113
1.04115
1.04115
1.04115
1.04121
1.04121
1.04124
1.04127
1.0413
1.04134
1.04137
1.04137
1.04138
1.04139
1.04145
1.04146
1.04149
1.04156
1.04156
1.04161
1.04161
1.04162
1.04164
1.04165
1.04166
1.04167
1.04168
1.04171
1.04172
1.04172
1.04174
1.04174
1.04177
1.04178
1.04179
1.04179
1.04181
1.04182
1.04183
1.04184
1.04185
1.04187
1.04194
1.04197
1.04198
1.04204
1.04206
1.04207
1.04208
1.04209
1.0421
1.0421
1.0421
1.04211
1.04211
1.04212
1.04215
1.04217
1.04217
1.04218
1.0422
1.0422
1.0422
1.0422
1.04225
1.04228
1.04231
1.04232
1.04234
1.04235
1.04235
1.04239
1.04239
1.04241
1.04241
1.04248
1.04249
1.04249
1.0425
1.04251
1.04251
1.04252
1.04254
1.04254
1.04255
1.04255
1.04259
1.04263
1.04264
1.04264
1.0427
1.04271
1.04272
1.04272
1.04274
1.04274
1.04275
1.04275
1.04277
1.04277
1.04278
1.04279
1.04279
1.04279
1.04283
1.04283
1.04288
1.0429
1.04297
1.04303
1.04303
1.04303
1.0431
1.04311
1.04313
1.04315
1.04315
1.04317
1.04317
1.04318
1.04318
1.04318
1.04322
1.04324
1.04328
1.04329
1.04331
1.04334
1.04336
1.04336
1.04337
1.04339
1.0434
1.04345
1.04346
1.04349
1.0435
1.0435
1.04352
1.04353
1.04354
1.04359
1.04365
1.04368
1.0437
1.04372
1.04372
1.04376
1.04376
1.04376
1.04377
1.04381
1.04385
1.04389
1.0439
1.04391
1.04392
1.04392
1.04395
1.04396
1.04396
1.044
1.04401
1.04404
1.04405
1.04407
1.04411
1.04412
1.04414
1.04414
1.04415
1.04418
1.04421
1.04422
1.04424
1.04427
1.04434
1.04436
1.04437
1.04438
1.0444
1.04441
1.04443
1.04444
1.04446
1.04449
1.04451
1.04453
1.04455
1.04457
1.04458
1.04458
1.04458
1.04459
1.04469
1.04472
1.04473
1.04474
1.04475
1.04476
1.04478
1.04483
1.04488
1.04489
1.04493
1.04494
1.04495
1.04498
1.04499
1.04501
1.04501
1.04503
1.04503
1.04506
1.04509
1.04509
1.04511
1.04512
1.04514
1.04514
1.04522
1.04524
1.04526
1.04529
1.04533
1.04535
1.04536
1.04537
1.04538
1.04545
1.04545
1.04546
1.04548
1.04549
1.04551
1.04552
1.04552
1.04553
1.04555
1.04557
1.04557
1.04557
1.0456
1.0456
1.04561
1.04563
1.04564
1.04564
1.04565
1.04568
1.04572
1.04578
1.04578
1.04585
1.04589
1.04595
1.04598
1.046
1.04602
1.04603
1.04605
1.04608
1.0461
1.0461
1.0461
1.04612
1.04613
1.04615
1.04615
1.04616
1.04617
1.04618
1.0462
1.04622
1.04622
1.04624
1.04625
1.04629
1.04632
1.04636
1.04642
1.04644
1.04653
1.04655
1.04658
1.0466
1.04662
1.04663
1.04664
1.04664
1.04666
1.04666
1.04669
1.04669
1.0467
1.04671
1.04671
1.04673
1.04674
1.04676
1.04678
1.04681
1.04684
1.04684
1.04686
1.04686
1.04688
1.04689
1.04691
1.04691
1.04692
1.04692
1.04695
1.04697
1.04699
1.047
1.04704
1.04705
1.04709
1.04712
1.04713
1.04714
1.04716
1.04719
1.04719
1.0472
1.04721
1.04723
1.04724
1.04725
1.04729
1.0473
1.04732
1.04733
1.04735
1.04737
1.0474
1.04744
1.04744
1.04747
1.04756
1.04756
1.04757
1.04759
1.04759
1.04763
1.04765
1.04767
1.04772
1.04772
1.04774
1.04774
1.04775
1.04775
1.04776
1.0478
1.04781
1.04782
1.04785
1.04787
1.04787
1.04798
1.048
1.048
1.04802
1.04805
1.04806
1.04807
1.0481
1.04811
1.04812
1.04812
1.04817
1.04819
1.04822
1.04823
1.04824
1.04826
1.04826
1.04833
1.04833
1.04833
1.04833
1.04835
1.04836
1.04837
1.04839
1.04841
1.04842
1.04845
1.04846
1.04849
1.04849
1.0485
1.04854
1.04855
1.04857
1.04858
1.04863
1.04869
1.04869
1.0487
1.04873
1.04874
1.04876
1.04876
1.04877
1.04882
1.04883
1.04885
1.04886
1.04893
1.04895
1.04895
1.04896
1.04897
1.04899
1.04902
1.04902
1.04904
1.04904
1.04905
1.0491
1.04912
1.04913
1.04914
1.04916
1.04918
1.04919
1.04919
1.04924
1.04925
1.04929
1.04934
1.04935
1.04937
1.04937
1.0494
1.0494
1.04943
1.04945
1.04947
1.04948
1.04948
1.04948
1.04953
1.04954
1.04955
1.04955
1.04955
1.04957
1.04959
1.0496
1.04962
1.04968
1.04969
1.04969
1.04977
1.04982
1.04987
1.0499
1.04992
1.04998
1.05001
1.05001
1.05002
1.05005
1.05008
1.0501
1.05012
1.05013
1.05014
1.05019
1.0502
1.05025
1.05026
1.05028
1.05029
1.05031
1.05031
1.05036
1.05039
1.05044
1.05045
1.05045
1.05049
1.0505
1.0505
1.0505
1.05052
1.05053
1.05054
1.05054
1.05055
1.05059
1.05061
1.05062
1.05076
1.05076
1.05077
1.05078
1.05079
1.05083
1.05084
1.05085
1.05086
1.05096
1.05097
1.05098
1.05099
1.05102
1.05102
1.05104
1.05104
1.05105
1.05106
1.05109
1.05115
1.0512
1.05122
1.05122
1.05123
1.05126
1.05128
1.05129
1.05132
1.05132
1.05134
1.05135
1.05136
1.05141
1.05144
1.05145
1.05145
1.05147
1.05149
1.05149
1.05151
1.05153
1.05154
1.05158
1.05166
1.05168
1.0517
1.05172
1.05178
1.0518
1.05182
1.05183
1.0519
1.05192
1.05194
1.05197
1.05202
1.05203
1.05203
1.05203
1.05207
1.05212
1.05218
1.05222
1.05223
1.05228
1.05229
1.05234
1.05241
1.05246
1.05248
1.0525
1.05251
1.05251
1.05252
1.05252
1.05254
1.05256
1.05256
1.05259
1.05263
1.05266
1.05266
1.05267
1.05271
1.05274
1.05275
1.05279
1.0528
1.05282
1.05294
1.05296
1.05297
1.05298
1.05298
1.05305
1.05307
1.05309
1.0531
1.05311
1.05314
1.05314
1.05316
1.05318
1.05319
1.05319
1.0532
1.05324
1.05328
1.05328
1.05331
1.05333
1.05333
1.05335
1.05337
1.05342
1.05343
1.05343
1.05346
1.05348
1.05348
1.05355
1.05355
1.05358
1.05358
1.05359
1.05364
1.05365
1.05365
1.05368
1.05372
1.05381
1.05382
1.05382
1.05382
1.05383
1.05386
1.05388
1.05392
1.05392
1.05392
1.05392
1.05395
1.05396
1.05396
1.05397
1.05397
1.05401
1.05402
1.05408
1.05409
1.05416
1.05417
1.05419
1.05423
1.05424
1.05424
1.05425
1.05427
1.0543
1.05441
1.05442
1.05444
1.05446
1.05452
1.05454
1.05455
1.05457
1.05463
1.05464
1.05469
1.05471
1.05479
1.05479
1.0548
1.05483
1.05483
1.05483
1.05487
1.05489
1.05489
1.05491
1.05491
1.05492
1.05494
1.05494
1.05495
1.05496
1.05496
1.05505
1.05505
1.05509
1.05511
1.05514
1.05518
1.05519
1.05519
1.05528
1.05529
1.0553
1.05537
1.05539
1.05539
1.0554
1.0554
1.05542
1.05545
1.05546
1.05546
1.05547
1.05547
1.05551
1.05554
1.05554
1.05556
1.05559
1.05561
1.05566
1.0557
1.05571
1.05574
1.05576
1.05577
1.05578
1.05579
1.0558
1.05586
1.05594
1.05597
1.05597
1.05598
1.05601
1.05604
1.05607
1.05608
1.05609
1.0561
1.05614
1.05614
1.05615
1.05617
1.05621
1.05624
1.05633
1.05633
1.05634
1.05636
1.05636
1.05637
1.05637
1.05641
1.05641
1.05641
1.05642
1.05645
1.05647
1.05647
1.05649
1.05654
1.05659
1.05659
1.0566
1.0566
1.0566
1.05661
1.05662
1.05666
1.0567
1.05673
1.05678
1.05678
1.0568
1.05682
1.05691
1.05692
1.05698
1.05702
1.05704
1.05704
1.05706
1.05706
1.05711
1.05711
1.05712
1.05712
1.05715
1.05715
1.05719
1.0572
1.05723
1.0573
1.05733
1.05734
1.05741
1.05743
1.05747
1.05748
1.05749
1.05751
1.05753
1.05753
1.05754
1.05757
1.05761
1.05765
1.05766
1.05767
1.05769
1.05769
1.05773
1.05775
1.05775
1.05776
1.05776
1.05783
1.05783
1.05786
1.05788
1.05788
1.05791
1.05795
1.05796
1.05797
1.058
1.058
1.05805
1.05805
1.05805
1.05807
1.05809
1.05811
1.05813
1.05815
1.05819
1.05823
1.05824
1.0583
1.05833
1.05837
1.05838
1.05839
1.05842
1.05846
1.05846
1.05847
1.05848
1.05851
1.05853
1.05853
1.05857
1.05857
1.05863
1.05863
1.05864
1.05867
1.05869
1.05872
1.05873
1.05874
1.05877
1.05881
1.05882
1.05883
1.05885
1.05889
1.05893
1.05895
1.059
1.05902
1.05904
1.05904
1.05905
1.05906
1.05917
1.05917
1.0592
1.05924
1.05929
1.0593
1.05931
1.05931
1.05932
1.05934
1.05934
1.05934
1.05939
1.05943
1.05943
1.05943
1.05946
1.05946
1.05948
1.05951
1.05955
1.05966
1.05968
1.05968
1.05969
1.05973
1.05975
1.0598
1.05981
1.05984
1.05991
1.05994
1.05995
1.05995
1.05996
1.06004
1.06005
1.06006
1.06007
1.06017
1.06017
1.06032
1.0604
1.0604
1.06044
1.06044
1.06045
1.06046
1.06046
1.06055
1.06057
1.06059
1.06062
1.06062
1.06063
1.06064
1.06065
1.06066
1.06067
1.06067
1.06071
1.06078
1.06085
1.06086
1.06092
1.06092
1.06093
1.06093
1.06095
1.06098
1.06098
1.06099
1.06099
1.061
1.06101
1.06102
1.06104
1.06107
1.06108
1.06114
1.06117
1.06128
1.0613
1.0613
1.06131
1.06131
1.06136
1.06137
1.06138
1.06143
1.06144
1.06145
1.06151
1.06152
1.06161
1.06164
1.06167
1.06168
1.06169
1.06174
1.06175
1.06175
1.06176
1.06181
1.06189
1.06192
1.06195
1.06195
1.06196
1.06202
1.06203
1.06206
1.06207
1.06207
1.06218
1.06219
1.06222
1.06224
1.06225
1.06227
1.06227
1.06233
1.0624
1.06243
1.06244
1.06248
1.06249
1.06251
1.06251
1.06259
1.06264
1.06268
1.06268
1.06272
1.06273
1.06277
1.06277
1.06284
1.06286
1.06287
1.06287
1.06288
1.0629
1.06296
1.063
1.06306
1.06308
1.06308
1.06309
1.06314
1.06314
1.06319
1.0632
1.06324
1.06325
1.06326
1.06336
1.06337
1.0634
1.06343
1.06348
1.06349
1.06359
1.06361
1.06362
1.06363
1.06372
1.06373
1.06385
1.06389
1.0639
1.06394
1.06396
1.06402
1.06403
1.06408
1.0641
1.06415
1.06415
1.0642
1.0642
1.06426
1.06429
1.0643
1.06432
1.06434
1.06434
1.06437
1.06439
1.06446
1.06448
1.06448
1.06451
1.06452
1.06453
1.06457
1.06461
1.06464
1.06465
1.06467
1.06474
1.06477
1.06479
1.06482
1.06487
1.06489
1.06494
1.06496
1.06498
1.06502
1.06505
1.06509
1.06509
1.06518
1.06528
1.06529
1.06529
1.06532
1.06538
1.06539
1.06541
1.06554
1.06556
1.06558
1.06559
1.06559
1.0657
1.06574
1.06575
1.06576
1.06577
1.06587
1.06591
1.06594
1.06599
1.06604
1.06609
1.06612
1.06615
1.06615
1.06618
1.06621
1.06621
1.06629
1.0663
1.06635
1.06636
1.06642
1.06645
1.06649
1.06652
1.06655
1.06657
1.06659
1.06661
1.06663
1.06663
1.06667
1.0667
1.06672
1.06674
1.06681
1.06683
1.06688
1.06688
1.06692
1.06693
1.06694
1.06698
1.06719
1.0672
1.06727
1.0673
1.06731
1.06733
1.06735
1.0674
1.06747
1.06749
1.06755
1.0676
1.06769
1.06771
1.06774
1.06777
1.06778
1.06781
1.06786
1.06787
1.06794
1.06796
1.06802
1.06813
1.06815
1.06816
1.06817
1.06825
1.06825
1.06827
1.06835
1.06837
1.06839
1.0684
1.06845
1.06849
1.0685
1.06852
1.06853
1.06856
1.06863
1.06863
1.06864
1.06866
1.06868
1.06868
1.06879
1.0688
1.06886
1.06887
1.06887
1.06889
1.06892
1.06894
1.06899
1.06903
1.06904
1.06907
1.06907
1.06912
1.06912
1.06913
1.06914
1.06914
1.06919
1.0692
1.06922
1.06923
1.06926
1.06933
1.06933
1.06938
1.06942
1.06944
1.06945
1.06948
1.06952
1.06957
1.06958
1.0696
1.0696
1.06962
1.06964
1.06964
1.06964
1.06975
1.06979
1.06981
1.06982
1.06987
1.06987
1.0699
1.06998
1.07
1.07002
1.07004
1.07004
1.07005
1.07007
1.07009
1.07013
1.07023
1.07026
1.0703
1.0703
1.07032
1.07032
1.07033
1.07034
1.07041
1.07041
1.07043
1.07048
1.0705
1.07058
1.07063
1.07067
1.07076
1.07078
1.07079
1.07083
1.07083
1.07086
1.07086
1.07087
1.07089
1.0709
1.07099
1.0711
1.07121
1.07128
1.07128
1.07132
1.07134
1.07135
1.07135
1.07138
1.07141
1.07144
1.07146
1.07148
1.07151
1.07152
1.07157
1.0716
1.07161
1.07164
1.0717
1.0717
1.0717
1.07171
1.07174
1.07176
1.07177
1.07178
1.07179
1.0718
1.07183
1.07187
1.07188
1.07189
1.07191
1.07194
1.07194
1.07197
1.07199
1.07205
1.07209
1.07209
1.07215
1.0722
1.07226
1.07228
1.07232
1.07233
1.07234
1.07244
1.07244
1.07251
1.07254
1.07255
1.07257
1.07262
1.07263
1.07264
1.07265
1.07267
1.07272
1.07275
1.07279
1.07281
1.07287
1.07305
1.07305
1.07322
1.07337
1.07338
1.07343
1.07346
1.07349
1.07352
1.07363
1.07368
1.07375
1.07375
1.07378
1.07378
1.0738
1.07386
1.07387
1.07387
1.07388
1.07388
1.0739
1.074
1.07405
1.07406
1.07406
1.0741
1.07412
1.07418
1.07419
1.07422
1.07426
1.07427
1.07427
1.07431
1.07433
1.07436
1.07437
1.07442
1.07442
1.07443
1.07445
1.07448
1.07448
1.07454
1.07455
1.07459
1.07472
1.07474
1.07477
1.07488
1.07488
1.07488
1.07489
1.07499
1.075
1.07512
1.07514
1.07519
1.07536
1.07545
1.07546
1.07548
1.07548
1.07551
1.07551
1.07555
1.07567
1.07571
1.07574
1.07574
1.07574
1.07576
1.07576
1.0758
1.07581
1.07592
1.07601
1.07602
1.07602
1.07603
1.07604
1.07608
1.07609
1.07612
1.07613
1.07613
1.0762
1.07621
1.07631
1.07638
1.0764
1.07647
1.07647
1.07649
1.0765
1.07651
1.07659
1.07663
1.07663
1.07666
1.07669
1.0767
1.07672
1.07678
1.07688
1.07689
1.07691
1.07692
1.077
1.07703
1.07711
1.07715
1.07716
1.07716
1.07722
1.07724
1.07726
1.07727
1.07737
1.07737
1.07744
1.07745
1.07747
1.07749
1.07756
1.07762
1.07765
1.07767
1.07779
1.0778
1.07782
1.07783
1.07787
1.0779
1.07792
1.078
1.07801
1.07801
1.07813
1.07817
1.07819
1.0782
1.07822
1.07822
1.07828
1.07838
1.07838
1.0784
1.0784
1.07841
1.07842
1.07844
1.07848
1.07855
1.07856
1.07863
1.07863
1.07864
1.07865
1.0787
1.07874
1.07875
1.07878
1.07884
1.07891
1.07892
1.07893
1.07901
1.07903
1.0791
1.07911
1.07912
1.07919
1.07925
1.07942
1.07942
1.07944
1.07945
1.07952
1.07957
1.07963
1.07973
1.07974
1.07976
1.07978
1.07978
1.0798
1.07986
1.07987
1.07988
1.07992
1.07992
1.08
1.08001
1.08002
1.08004
1.08004
1.08013
1.08015
1.08018
1.08027
1.08035
1.08035
1.08045
1.0805
1.08054
1.08062
1.08073
1.08076
1.08083
1.08084
1.08091
1.08094
1.08098
1.08098
1.08101
1.08109
1.08112
1.08113
1.0812
1.08122
1.08122
1.08125
1.08127
1.08127
1.0814
1.08141
1.08146
1.08149
1.08157
1.08161
1.08161
1.08163
1.08164
1.08172
1.08179
1.08183
1.08187
1.08187
1.08189
1.08192
1.08199
1.08199
1.08204
1.08212
1.08213
1.08215
1.08224
1.08224
1.08237
1.08243
1.08244
1.08247
1.0825
1.08254
1.08266
1.08276
1.08279
1.08279
1.08284
1.08284
1.08285
1.08299
1.08305
1.08308
1.08309
1.0831
1.08316
1.08317
1.08324
1.0834
1.08341
1.08344
1.08346
1.08346
1.08351
1.08359
1.08361
1.08361
1.08362
1.08363
1.08364
1.08379
1.08395
1.08397
1.084
1.08401
1.08402
1.08408
1.08408
1.08411
1.08412
1.08418
1.08422
1.08438
1.0844
1.08454
1.08463
1.08483
1.08486
1.08494
1.08499
1.08501
1.08515
1.08517
1.08523
1.08524
1.08535
1.08537
1.0854
1.08545
1.08549
1.08554
1.0856
1.08561
1.08566
1.08575
1.08588
1.08588
1.08596
1.08596
1.08596
1.08597
1.08609
1.08612
1.08612
1.08612
1.08615
1.08616
1.08627
1.08635
1.08636
1.08637
1.08642
1.08644
1.08651
1.08651
1.08661
1.08664
1.08666
1.08673
1.08673
1.08689
1.08692
1.08695
1.08697
1.08699
1.08707
1.08709
1.08718
1.08718
1.08726
1.08733
1.08737
1.08738
1.08739
1.08741
1.08745
1.08749
1.0875
1.08752
1.08754
1.08774
1.0878
1.08786
1.0879
1.08801
1.08813
1.08815
1.08821
1.08822
1.08828
1.08829
1.08834
1.08835
1.08835
1.0884
1.08841
1.08845
1.08847
1.08848
1.08856
1.08859
1.08863
1.08866
1.08875
1.08875
1.08889
1.0889
1.08891
1.08893
1.08896
1.08905
1.08907
1.08918
1.08924
1.08925
1.08926
1.08927
1.08935
1.08936
1.08951
1.08955
1.08956
1.08962
1.08966
1.08969
1.08978
1.08984
1.08986
1.08987
1.08987
1.08987
1.08988
1.08989
1.08989
1.08995
1.09003
1.09013
1.09017
1.09018
1.09031
1.09032
1.09039
1.09042
1.09043
1.09048
1.09048
1.09049
1.09052
1.09052
1.09064
1.09067
1.09084
1.09086
1.09089
1.09099
1.09102
1.09104
1.0911
1.09111
1.09118
1.09123
1.09125
1.09127
1.09127
1.09128
1.09131
1.09137
1.09138
1.09139
1.09139
1.09141
1.09154
1.09157
1.09178
1.09179
1.09179
1.09189
1.09193
1.09199
1.09208
1.09213
1.09227
1.09231
1.09232
1.09246
1.09266
1.09267
1.09276
1.09277
1.0928
1.09285
1.09285
1.09287
1.09291
1.09291
1.09296
1.09308
1.09313
1.09321
1.09321
1.09325
1.09328
1.09336
1.0934
1.09342
1.09346
1.09346
1.09347
1.09353
1.09356
1.09359
1.09365
1.09367
1.09369
1.09375
1.09379
1.09388
1.09389
1.09395
1.09398
1.09404
1.09409
1.0941
1.09413
1.09416
1.09425
1.09427
1.09428
1.0943
1.09432
1.09445
1.09451
1.09452
1.09453
1.0946
1.09469
1.09477
1.0948
1.09485
1.09497
1.09533
1.09535
1.09545
1.09545
1.09549
1.09555
1.09562
1.09562
1.09566
1.09577
1.09586
1.09586
1.09588
1.09618
1.09619
1.09622
1.09625
1.09636
1.09645
1.09653
1.0966
1.09665
1.09685
1.09685
1.09704
1.09717
1.09719
1.0973
1.09733
1.09745
1.09752
1.09757
1.09762
1.09762
1.09772
1.09774
1.09795
1.09798
1.098
1.09801
1.09803
1.09803
1.09811
1.09822
1.09826
1.09826
1.0983
1.09833
1.09834
1.09834
1.09835
1.09856
1.09862
1.09863
1.09864
1.09868
1.09886
1.09897
1.09903
1.09905
1.09911
1.09916
1.09921
1.0993
1.09932
1.09937
1.09942
1.09954
1.09955
1.09959
1.09962
1.09967
1.09967
1.0997
1.09973
1.09979
1.09986
1.09987
1.10013
1.10014
1.10016
1.10017
1.10024
1.10031
1.10039
1.10052
1.1006
1.10062
1.10063
1.10075
1.10081
1.10086
1.10091
1.10094
1.10096
1.10097
1.10104
1.1012
1.10126
1.10133
1.10134
1.10137
1.10147
1.10154
1.10155
1.10158
1.10163
1.10172
1.10178
1.10195
1.10206
1.10206
1.10228
1.10236
1.10241
1.10242
1.10247
1.10272
1.10286
1.10287
1.10299
1.10319
1.10339
1.10344
1.10351
1.10357
1.10367
1.10368
1.10401
1.10407
1.10414
1.10419
1.10472
1.10475
1.10479
1.10483
1.10485
1.10493
1.10496
1.10498
1.105
1.10502
1.10505
1.10516
1.10522
1.10531
1.10532
1.10537
1.10553
1.10557
1.10567
1.10569
1.10593
1.10607
1.10613
1.10615
1.1062
1.1063
1.10636
1.10648
1.10663
1.10668
1.10669
1.10674
1.10682
1.10689
1.10689
1.10695
1.10724
1.10725
1.10741
1.10744
1.1075
1.10756
1.10799
1.10801
1.10802
1.1083
1.10849
1.10856
1.10861
1.10867
1.10867
1.10872
1.10888
1.10898
1.10899
1.10912
1.10946
1.10951
1.10958
1.10963
1.10995
1.11003
1.11005
1.11012
1.11014
1.11042
1.11045
1.11057
1.1106
1.11076
1.11076
1.11088
1.11107
1.11149
1.1116
1.11164
1.11175
1.11182
1.11197
1.11205
1.11207
1.11216
1.11222
1.11259
1.11272
1.11284
1.11292
1.113
1.11301
1.11301
1.11302
1.11319
1.11329
1.11332
1.11344
1.11347
1.11365
1.1137
1.11379
1.11392
1.11397
1.11398
1.11401
1.11409
1.11435
1.11467
1.11484
1.11502
1.11504
1.11514
1.11523
1.11525
1.1153
1.11533
1.1154
1.11549
1.11575
1.11604
1.11652
1.11669
1.1167
1.11676
1.11688
1.11709
1.11711
1.11712
1.11715
1.11721
1.11721
1.11743
1.11748
1.11757
1.11769
1.11773
1.11808
1.11825
1.11839
1.11843
1.11853
1.11858
1.11865
1.11875
1.11879
1.11881
1.11913
1.1193
1.11941
1.11943
1.11943
1.11952
1.11959
1.11965
1.12
1.12018
1.12048
1.12053
1.12056
1.12067
1.12097
1.12099
1.12117
1.12127
1.12132
1.12174
1.12213
1.12217
1.12231
1.12238
1.12251
1.12253
1.12265
1.12275
1.12276
1.12298
1.12306
1.12316
1.12365
1.12399
1.12432
1.12436
1.1244
1.12449
1.12464
1.12472
1.12483
1.12486
1.12519
1.12531
1.12551
1.12553
1.12554
1.12577
1.12606
1.12624
1.1263
1.12647
1.1265
1.12714
1.12753
1.12754
1.12755
1.12791
1.12793
1.128
1.12832
1.12842
1.12849
1.12865
1.12892
1.12906
1.12912
1.12917
1.12919
1.12931
1.12934
1.12973
1.12998
1.13033
1.13075
1.13095
1.131
1.13122
1.13132
1.13185
1.13219
1.13244
1.13276
1.1335
1.13369
1.13382
1.13405
1.13418
1.13458
1.13461
1.13466
1.13492
1.13504
1.13556
1.13566
1.13606
1.13661
1.13672
1.13689
1.13694
1.13697
1.13711
1.13741
1.13753
1.13799
1.13865
1.1388
1.13884
1.13923
1.13926
1.13933
1.13941
1.13995
1.13998
1.14007
1.1405
1.14051
1.1408
1.14085
1.14126
1.14127
1.14173
1.14199
1.14205
1.14244
1.14309
1.14325
1.14336
1.14345
1.14358
1.14398
1.14417
1.14427
1.1444
1.14492
1.14536
1.14571
1.14616
1.14636
1.14657
1.14664
1.14679
1.14712
1.14718
1.14727
1.14816
1.14902
1.14913
1.15034
1.15169
1.15205
1.15239
1.15279
1.15281
1.15316
1.15397
1.1552
1.15554
1.15555
1.1556
1.15575
1.15591
1.15624
1.1576
1.15821
1.15881
1.15961
1.15984
1.16001
1.16003
1.16046
1.16068
1.16132
1.16139
1.16151
1.1617
1.16246
1.16253
1.16386
1.16425
1.16595
1.16746
1.168
1.16846
1.16855
1.16901
1.16912
1.17211
1.17429
1.17595
1.17605
1.17622
1.18027
1.18083
1.18323
1.18984
1.19036
1.19311
1.21943
