0.926011
0.934552
0.935472
0.938212
0.938904
0.939407
0.93999
0.942912
0.943234
0.943631
0.944315
0.945337
0.945529
0.946176
0.94624
0.946658
0.946857
0.94857
0.948697
0.949087
0.949437
0.950191
0.950713
0.951094
0.95112
0.95112
0.951187
0.951253
0.951807
0.95196
0.951994
0.952125
0.952244
0.952393
0.952429
0.952483
0.952495
0.95293
0.953048
0.953071
0.953389
0.953423
0.953562
0.953622
0.954015
0.954017
0.95441
0.954436
0.954571
0.954646
0.954708
0.954828
0.95483
0.955149
0.95516
0.955177
0.955324
0.955476
0.955544
0.95559
0.955616
0.955651
0.955706
0.955708
0.955837
0.956075
0.956149
0.956165
0.956174
0.95642
0.956515
0.956628
0.956749
0.956963
0.957061
0.957169
0.957295
0.957322
0.957395
0.957644
0.957695
0.957771
0.957849
0.95785
0.957965
0.957979
0.957982
0.958029
0.958087
0.958172
0.958265
0.958478
0.9585
0.958556
0.958858
0.959024
0.959044
0.959167
0.959254
0.959316
0.959347
0.959455
0.959473
0.95957
0.959653
0.9597
0.959719
0.959797
0.959851
0.959906
0.95992
0.960023
0.960074
0.960111
0.960115
0.960163
0.960198
0.960206
0.960278
0.960295
0.960352
0.960422
0.960424
0.960427
0.960434
0.960435
0.960542
0.960546
0.96067
0.960671
0.960732
0.960768
0.960774
0.960781
0.960784
0.960807
0.960839
0.960878
0.961072
0.961088
0.961148
0.961182
0.96119
0.961296
0.961343
0.961401
0.96145
0.961509
0.961514
0.961585
0.961605
0.96165
0.961719
0.961767
0.961793
0.961815
0.961818
0.96182
0.961834
0.961859
0.961901
0.961929
0.961983
0.962035
0.962074
0.962078
0.962122
0.962166
0.962183
0.962239
0.962259
0.962297
0.962325
0.962332
0.96235
0.962389
0.962413
0.962472
0.962477
0.962517
0.962565
0.962567
0.962614
0.962629
0.962636
0.962648
0.96265
0.962663
0.962705
0.962723
0.96281
0.962819
0.962819
0.962853
0.962856
0.962881
0.962896
0.962899
0.962946
0.963088
0.963109
0.963127
0.963138
0.963144
0.963157
0.96317
0.963209
0.963255
0.963257
0.963261
0.963347
0.963376
0.963418
0.963449
0.96355
0.96355
0.963597
0.963641
0.963771
0.96379
0.963823
0.963885
0.963905
0.963958
0.963963
0.964082
0.964084
0.964092
0.964112
0.964205
0.964209
0.964331
0.964339
0.964363
0.964379
0.964395
0.964404
0.964422
0.964425
0.964433
0.964457
0.96446
0.96447
0.964503
0.964582
0.964676
0.964687
0.964701
0.96473
0.964748
0.964861
0.964908
0.964962
0.96498
0.965112
0.965135
0.965141
0.965238
0.965266
0.965271
0.965309
0.965421
0.965441
0.96549
0.965558
0.96558
0.965604
0.965609
0.965612
0.965712
0.965733
0.96574
0.965742
0.965762
0.965764
0.96577
0.965772
0.965822
0.96585
0.965947
0.965981
0.966006
0.966017
0.966055
0.966064
0.966099
0.966152
0.966186
0.966202
0.966204
0.966236
0.966279
0.966291
0.966292
0.96637
0.96639
0.96643
0.966478
0.966482
0.966494
0.966538
0.966555
0.96656
0.966579
0.966613
0.966643
0.96666
0.966674
0.966732
0.966815
0.966846
0.966876
0.966878
0.966893
0.966897
0.966914
0.966939
0.966962
0.966967
0.967003
0.967017
0.967049
0.967082
0.967093
0.967105
0.967118
0.967118
0.967132
0.967167
0.967173
0.96718
0.967187
0.967197
0.967201
0.967216
0.967302
0.967327
0.967345
0.967348
0.9674
0.967421
0.967468
0.967517
0.967521
0.967539
0.967686
0.967706
0.96772
0.967724
0.967735
0.967737
0.967829
0.967845
0.967864
0.967925
0.96795
0.967968
0.967977
0.967992
0.968109
0.968136
0.968155
0.968178
0.968208
0.968218
0.968219
0.968231
0.968281
0.968322
0.968328
0.968365
0.96839
0.968412
0.968413
0.968515
0.968541
0.968565
0.968576
0.96861
0.968638
0.968655
0.968675
0.968699
0.968718
0.968746
0.968756
0.968771
0.968802
0.968827
0.96888
0.968904
0.968936
0.968956
0.968968
0.968982
0.968983
0.968996
0.969007
0.969023
0.969027
0.969036
0.969059
0.969089
0.96912
0.969128
0.969145
0.969241
0.969253
0.969263
0.969275
0.969281
0.969294
0.969311
0.96932
0.969324
0.969326
0.969343
0.969344
0.969384
0.96939
0.969407
0.969436
0.969438
0.969447
0.969482
0.969493
0.969497
0.9695
0.969536
0.969543
0.969595
0.969608
0.96961
0.969618
0.969634
0.969645
0.969661
0.969674
0.969682
0.9697
0.969708
0.96971
0.96972
0.969737
0.969747
0.969753
0.969758
0.969788
0.969827
0.969849
0.96988
0.969934
0.969957
0.969974
0.969974
0.969977
0.96998
0.970017
0.970084
0.970095
0.970104
0.97011
0.970129
0.970137
0.970142
0.970148
0.970162
0.970171
0.970187
0.970189
0.970195
0.970218
0.970278
0.970301
0.970314
0.970338
0.970423
0.970425
0.970438
0.97045
0.970459
0.970475
0.970484
0.970492
0.970497
0.970513
0.970519
0.970543
0.970551
0.970587
0.97061
0.970625
0.970631
0.9707
0.970726
0.970792
0.970818
0.970839
0.970844
0.970851
0.970852
0.970876
0.970879
0.970904
0.970909
0.970934
0.970944
0.970958
0.970961
0.970987
0.970996
0.971023
0.971025
0.97104
0.971041
0.971073
0.971077
0.971083
0.971103
0.971118
0.971127
0.971148
0.971149
0.971192
0.971196
0.971247
0.971258
0.971268
0.971275
0.971292
0.971299
0.971329
0.971334
0.971345
0.971346
0.971348
0.971392
0.971421
0.971449
0.971451
0.97147
0.9715
0.971504
0.971515
0.971518
0.97153
0.971551
0.971557
0.971567
0.971568
0.971568
0.971591
0.971624
0.971649
0.971673
0.97168
0.971684
0.971747
0.971752
0.971771
0.971784
0.971788
0.971791
0.9718
0.971868
0.971871
0.971902
0.971904
0.97191
0.97192
0.971921
0.971928
0.971932
0.971956
0.971963
0.971965
0.971975
0.971979
0.971991
0.972013
0.972093
0.972119
0.972125
0.972127
0.972142
0.972144
0.972148
0.972162
0.972169
0.972192
0.972208
0.972223
0.972242
0.972256
0.972283
0.972289
0.972295
0.972302
0.972303
0.972307
0.972312
0.972327
0.972345
0.972389
0.972402
0.972425
0.97243
0.972431
0.972442
0.972452
0.972457
0.972494
0.972502
0.972526
0.97253
0.972546
0.972549
0.972559
0.972564
0.972583
0.97259
0.972615
0.972618
0.972628
0.972638
0.972651
0.972678
0.972737
0.972753
0.972762
0.972772
0.972782
0.972783
0.972805
0.972815
0.97283
0.972839
0.972866
0.972871
0.972878
0.97291
0.972911
0.972921
0.972929
0.972929
0.97293
0.972944
0.972968
0.972995
0.972995
0.973
0.973009
0.973015
0.973053
0.973078
0.973085
0.973098
0.973107
0.973109
0.973127
0.973132
0.973135
0.97314
0.973148
0.973153
0.973161
0.973163
0.973179
0.97318
0.973191
0.973204
0.973213
0.973225
0.973249
0.973263
0.973276
0.973299
0.9733
0.973311
0.973321
0.973323
0.973329
0.973344
0.973345
0.973355
0.973375
0.973412
0.973412
0.973413
0.973415
0.973428
0.973433
0.973443
0.973458
0.973465
0.973472
0.973477
0.973481
0.973498
0.973501
0.973502
0.973522
0.973553
0.97356
0.973561
0.973562
0.973569
0.973583
0.973585
0.973593
0.973597
0.973612
0.97362
0.973637
0.973679
0.973685
0.973717
0.97372
0.973727
0.97376
0.973769
0.973781
0.973787
0.973804
0.973809
0.973809
0.973857
0.973868
0.973891
0.97392
0.973939
0.973941
0.973971
0.973983
0.973984
0.973989
0.974007
0.974023
0.97409
0.974102
0.974106
0.974117
0.974129
0.974134
0.974134
0.97415
0.974162
0.97417
0.974198
0.9742
0.974211
0.974219
0.974225
0.974235
0.974239
0.97424
0.974245
0.974269
0.974285
0.974288
0.97429
0.97429
0.974317
0.974332
0.974369
0.974372
0.974401
0.974408
0.974418
0.97445
0.974453
0.974458
0.97448
0.974487
0.974488
0.974507
0.974507
0.974547
0.974551
0.974582
0.974585
0.974604
0.974614
0.97462
0.974631
0.974641
0.974644
0.974647
0.974648
0.974651
0.974662
0.974684
0.974686
0.974693
0.974804
0.974822
0.974849
0.97485
0.97487
0.974871
0.974882
0.974902
0.974925
0.974928
0.974953
0.97498
0.97498
0.974984
0.975002
0.975017
0.975018
0.975022
0.975024
0.975025
0.975038
0.975045
0.975046
0.975054
0.975062
0.975102
0.975104
0.975117
0.975147
0.975154
0.975166
0.975183
0.975186
0.975199
0.975204
0.975238
0.975241
0.975251
0.975251
0.975267
0.975274
0.975292
0.975304
0.975309
0.975313
0.975359
0.97536
0.975386
0.975419
0.975421
0.975425
0.975439
0.975462
0.975463
0.975477
0.975494
0.9755
0.975545
0.975557
0.975562
0.975573
0.975587
0.975601
0.975607
0.975651
0.975658
0.975683
0.975689
0.975696
0.975711
0.975712
0.975719
0.975742
0.975745
0.975747
0.975761
0.975789
0.975802
0.975813
0.975815
0.975825
0.975825
0.97583
0.975852
0.975855
0.975857
0.975862
0.975869
0.975883
0.975895
0.975901
0.975913
0.97592
0.975926
0.975938
0.975947
0.975949
0.97598
0.975999
0.976028
0.976047
0.976064
0.976067
0.976095
0.976131
0.976139
0.976153
0.976155
0.976159
0.97617
0.976172
0.976178
0.976218
0.976226
0.976226
0.976234
0.976264
0.976279
0.976283
0.976284
0.976286
0.97629
0.976295
0.976297
0.976304
0.97631
0.976312
0.976313
0.976328
0.976331
0.976353
0.976364
0.976379
0.976387
0.976423
0.976426
0.976453
0.976478
0.976503
0.976505
0.976506
0.976513
0.97653
0.976533
0.976533
0.976552
0.976558
0.976558
0.976568
0.976571
0.976585
0.976588
0.976612
0.976621
0.976635
0.976675
0.976679
0.976689
0.976699
0.976699
0.976701
0.976702
0.97671
0.976713
0.976717
0.976726
0.976747
0.976766
0.976778
0.976796
0.976809
0.976811
0.976828
0.976832
0.976877
0.976889
0.976904
0.976905
0.976951
0.976957
0.976963
0.976966
0.976966
0.976989
0.976993
0.977
0.977004
0.977007
0.97701
0.977021
0.977029
0.977035
0.977043
0.977049
0.977052
0.977061
0.977066
0.977079
0.97708
0.977088
0.977101
0.977104
0.977114
0.977116
0.977123
0.977127
0.977133
0.97714
0.97715
0.977153
0.977159
0.977168
0.977179
0.977239
0.977243
0.977251
0.977268
0.97727
0.977271
0.977276
0.977296
0.9773
0.977304
0.977309
0.977312
0.977315
0.977317
0.977317
0.977373
0.977387
0.977389
0.97741
0.977426
0.97745
0.977473
0.977475
0.977483
0.977501
0.977509
0.97752
0.977522
0.977522
0.977538
0.977551
0.977553
0.977558
0.977571
0.977574
0.977606
0.977618
0.977624
0.977631
0.977654
0.977661
0.977674
0.977705
0.977733
0.977741
0.977745
0.977748
0.977755
0.977759
0.9778
0.977805
0.977811
0.977821
0.977823
0.977837
0.977837
0.977848
0.977856
0.977863
0.977877
0.977889
0.977893
0.977914
0.977935
0.977945
0.977965
0.977976
0.977981
0.977987
0.977997
0.978004
0.978022
0.978037
0.978038
0.978043
0.978057
0.978058
0.978087
0.978117
0.978143
0.978155
0.97817
0.978177
0.978195
0.978202
0.978232
0.978245
0.978253
0.978259
0.978274
0.978274
0.978289
0.978307
0.97831
0.97832
0.978323
0.978326
0.978332
0.978339
0.978354
0.978361
0.978362
0.978376
0.978379
0.978389
0.978397
0.978445
0.978454
0.978457
0.978459
0.978469
0.978474
0.978489
0.97849
0.978492
0.978501
0.978509
0.978513
0.978524
0.97853
0.978535
0.978537
0.978542
0.978545
0.978551
0.978551
0.978568
0.97859
0.978591
0.978605
0.978614
0.978634
0.978651
0.978666
0.97867
0.978687
0.978689
0.978689
0.978695
0.978699
0.97875
0.978755
0.978756
0.97876
0.978766
0.978766
0.978772
0.978774
0.978785
0.978799
0.978809
0.978827
0.978847
0.978853
0.978854
0.978855
0.978861
0.978867
0.978868
0.978868
0.978886
0.978887
0.978905
0.97893
0.978935
0.978943
0.978953
0.978958
0.978964
0.978979
0.978992
0.978994
0.979002
0.979023
0.979027
0.97903
0.979031
0.979078
0.979084
0.979084
0.979092
0.979096
0.979096
0.979111
0.979123
0.979153
0.97916
0.97917
0.979185
0.979195
0.979218
0.979219
0.97923
0.979233
0.979235
0.979241
0.979251
0.979272
0.979274
0.979275
0.979285
0.979292
0.979295
0.979317
0.979319
0.979334
0.979343
0.979344
0.979348
0.979368
0.979369
0.979376
0.979376
0.979378
0.979379
0.979385
0.979386
0.979393
0.979396
0.97942
0.979424
0.979427
0.979475
0.979482
0.979483
0.979489
0.979493
0.979502
0.979504
0.979511
0.979514
0.979541
0.979563
0.979582
0.979586
0.979607
0.979608
0.979623
0.979625
0.979653
0.979658
0.97968
0.979682
0.97969
0.979696
0.979699
0.979707
0.979707
0.979708
0.979711
0.979716
0.97973
0.979732
0.979734
0.979744
0.979754
0.979765
0.979765
0.979766
0.979769
0.97977
0.979772
0.979773
0.979777
0.97979
0.979794
0.979815
0.979842
0.979842
0.979846
0.979848
0.979859
0.979879
0.979887
0.979907
0.979921
0.979936
0.97994
0.979941
0.979947
0.979965
0.979981
0.979989
0.979989
0.97999
0.980005
0.980016
0.980018
0.980035
0.980043
0.980048
0.980066
0.980072
0.980087
0.980094
0.980115
0.980117
0.980129
0.980141
0.980145
0.980147
0.980154
0.98016
0.980164
0.980171
0.980171
0.980171
0.980181
0.980183
0.98019
0.980254
0.980274
0.980275
0.980279
0.980282
0.980311
0.980321
0.980331
0.980348
0.980354
0.980372
0.980378
0.980394
0.980413
0.980417
0.980421
0.980454
0.980469
0.980478
0.980479
0.980499
0.980502
0.980503
0.98055
0.980558
0.980582
0.980593
0.980613
0.980623
0.980628
0.980649
0.980652
0.980659
0.980667
0.980672
0.980692
0.980705
0.980709
0.98071
0.980711
0.980727
0.980734
0.980734
0.980753
0.98076
0.980789
0.980836
0.98085
0.980857
0.980881
0.980891
0.980895
0.980895
0.980898
0.980906
0.980911
0.980916
0.980918
0.98092
0.980924
0.980936
0.980936
0.980952
0.980963
0.980972
0.980975
0.980989
0.980991
0.980995
0.981002
0.981016
0.981027
0.981027
0.981031
0.981043
0.981044
0.981064
0.981066
0.981067
0.98107
0.981071
0.981072
0.981089
0.981094
0.98111
0.981113
0.981118
0.981119
0.981121
0.981139
0.981153
0.981155
0.981173
0.981189
0.98119
0.981206
0.981208
0.981219
0.981225
0.981236
0.981237
0.98124
0.981249
0.98125
0.981259
0.981263
0.981284
0.981286
0.981301
0.981317
0.981327
0.981357
0.98136
0.981363
0.981366
0.981378
0.981383
0.981386
0.981401
0.98141
0.981431
0.981438
0.981441
0.981441
0.981444
0.981445
0.981471
0.981478
0.981494
0.9815
0.981507
0.981509
0.981509
0.981512
0.981526
0.981535
0.981539
0.981546
0.981551
0.981573
0.981573
0.981581
0.981597
0.981606
0.981609
0.981623
0.981632
0.981645
0.981654
0.981657
0.981671
0.981672
0.981672
0.98169
0.981693
0.981706
0.981738
0.981739
0.981747
0.981754
0.981758
0.981759
0.981759
0.981766
0.981766
0.981779
0.981785
0.981793
0.981794
0.981801
0.981809
0.981828
0.981829
0.98184
0.981848
0.981859
0.981876
0.981884
0.981884
0.981895
0.981906
0.981908
0.981914
0.981927
0.981934
0.981937
0.981938
0.981942
0.981946
0.981954
0.98196
0.981963
0.981979
0.981985
0.981989
0.982004
0.982018
0.982019
0.982026
0.982033
0.982044
0.982047
0.98205
0.982056
0.982059
0.982075
0.982088
0.982104
0.982105
0.982108
0.98212
0.982127
0.982139
0.982145
0.982148
0.98216
0.982163
0.982164
0.98218
0.982181
0.982183
0.982196
0.982206
0.982214
0.982221
0.982223
0.982224
0.982228
0.982234
0.982246
0.98225
0.98226
0.982288
0.98229
0.982297
0.982303
0.982312
0.982315
0.982317
0.982332
0.982333
0.982342
0.982344
0.982349
0.982377
0.982383
0.982387
0.982392
0.982401
0.982402
0.982441
0.982442
0.982442
0.982453
0.982466
0.982483
0.982492
0.982507
0.982511
0.982535
0.982537
0.982539
0.982547
0.982548
0.982568
0.982575
0.98259
0.982623
0.982624
0.982625
0.982649
0.982655
0.982657
0.982674
0.982679
0.98268
0.982682
0.982686
0.982692
0.98271
0.982713
0.982721
0.982721
0.982744
0.982747
0.982752
0.982762
0.98277
0.982789
0.982797
0.982802
0.982812
0.982821
0.982822
0.982824
0.982825
0.982827
0.982835
0.982837
0.982856
0.982873
0.982885
0.982886
0.982886
0.982891
0.982893
0.982895
0.982896
0.982901
0.982901
0.982908
0.982925
0.982934
0.982941
0.982948
0.982958
0.982959
0.982965
0.982973
0.98298
0.983
0.983008
0.983022
0.983023
0.983036
0.983042
0.983052
0.98307
0.983076
0.983077
0.983085
0.983087
0.983092
0.983094
0.983099
0.983102
0.983102
0.983105
0.983114
0.983114
0.983115
0.983116
0.983124
0.983131
0.983141
0.983142
0.983142
0.983145
0.983147
0.983153
0.983154
0.983158
0.98316
0.983162
0.983163
0.983165
0.98317
0.983173
0.983183
0.983184
0.983186
0.983187
0.983188
0.983197
0.983198
0.9832
0.983201
0.983233
0.983243
0.983245
0.983248
0.98326
0.983279
0.9833
0.983305
0.983318
0.983318
0.983321
0.983326
0.983334
0.98334
0.98334
0.983359
0.983367
0.983374
0.983378
0.983383
0.9834
0.983407
0.983412
0.983419
0.983423
0.983431
0.983454
0.983464
0.983474
0.983491
0.983491
0.983494
0.983503
0.983507
0.983535
0.983541
0.983547
0.983551
0.983559
0.983562
0.983565
0.983566
0.983568
0.983574
0.983583
0.98359
0.983591
0.983592
0.983597
0.983608
0.983624
0.983638
0.983639
0.983645
0.983656
0.983657
0.983665
0.983668
0.98367
0.983676
0.983686
0.983686
0.983705
0.983706
0.983711
0.983715
0.983726
0.983731
0.983746
0.983748
0.983785
0.9838
0.983814
0.983823
0.983825
0.983833
0.983837
0.983844
0.983848
0.983861
0.98387
0.983878
0.983887
0.983907
0.983909
0.983923
0.983924
0.983928
0.98393
0.983954
0.98396
0.983964
0.983973
0.983983
0.983984
0.98402
0.984021
0.984033
0.984035
0.984046
0.984049
0.984065
0.984071
0.984077
0.984077
0.984079
0.984083
0.984085
0.984086
0.984089
0.98409
0.984096
0.984096
0.984104
0.984106
0.984114
0.984114
0.984114
0.984129
0.984141
0.984142
0.984142
0.984146
0.984163
0.984168
0.984185
0.984186
0.984197
0.9842
0.984203
0.984211
0.984216
0.984216
0.984217
0.984231
0.984239
0.984246
0.984249
0.984279
0.984282
0.984284
0.984299
0.984306
0.984306
0.984316
0.984318
0.98432
0.984331
0.984341
0.984342
0.984345
0.984364
0.984367
0.984368
0.984371
0.984373
0.984379
0.984381
0.984385
0.984396
0.984413
0.984413
0.98443
0.984431
0.984432
0.984438
0.984443
0.984452
0.984454
0.984457
0.984459
0.984463
0.984465
0.984471
0.984475
0.984492
0.984496
0.984511
0.984513
0.984528
0.984538
0.98454
0.984543
0.984544
0.984565
0.984579
0.984581
0.984584
0.984587
0.984589
0.984591
0.984598
0.984599
0.984604
0.984607
0.984616
0.984634
0.984636
0.984642
0.984659
0.98466
0.984671
0.984674
0.984681
0.984685
0.984688
0.984696
0.984698
0.984701
0.984708
0.984708
0.984712
0.984737
0.984761
0.984762
0.984762
0.984763
0.984773
0.984778
0.984811
0.984813
0.984819
0.984821
0.984824
0.984826
0.984831
0.984841
0.984858
0.984867
0.984868
0.984875
0.984878
0.98488
0.984903
0.984916
0.984924
0.984926
0.984972
0.984976
0.984979
0.98498
0.985004
0.985008
0.985022
0.985032
0.985058
0.985059
0.985061
0.985073
0.985075
0.985083
0.985085
0.985098
0.985107
0.985119
0.985122
0.985128
0.98514
0.985144
0.985145
0.985146
0.98515
0.985153
0.985155
0.985166
0.985176
0.985176
0.985177
0.985186
0.985187
0.98519
0.985192
0.985196
0.985198
0.985201
0.98521
0.985214
0.985217
0.985224
0.985225
0.985228
0.985231
0.985251
0.985252
0.985257
0.985265
0.98527
0.985272
0.985272
0.985277
0.985282
0.985284
0.985286
0.985288
0.985289
0.98529
0.985291
0.985296
0.9853
0.985302
0.985303
0.985317
0.985329
0.98533
0.985373
0.985374
0.985398
0.985404
0.985414
0.98542
0.985426
0.985428
0.985435
0.985449
0.985456
0.985458
0.985466
0.98547
0.985476
0.985477
0.985477
0.985487
0.98549
0.985501
0.985506
0.985514
0.985523
0.985524
0.985532
0.985536
0.985542
0.985546
0.985568
0.985582
0.985585
0.985612
0.985617
0.985618
0.985619
0.98562
0.985624
0.985625
0.985639
0.98565
0.985652
0.985677
0.98568
0.985691
0.985702
0.985722
0.985723
0.985728
0.985778
0.985781
0.985791
0.985792
0.985794
0.985802
0.985804
0.985804
0.985807
0.985807
0.985819
0.985819
0.985824
0.985824
0.985824
0.985825
0.985833
0.985839
0.98584
0.985843
0.985855
0.985858
0.985863
0.985863
0.985883
0.985884
0.985887
0.985899
0.985901
0.985907
0.985911
0.985912
0.985921
0.985923
0.985927
0.985944
0.985948
0.98596
0.985972
0.985976
0.985978
0.985989
0.985993
0.986016
0.986018
0.986022
0.986028
0.98606
0.986066
0.98607
0.986085
0.986091
0.986092
0.986099
0.9861
0.986119
0.986128
0.986139
0.986153
0.986163
0.986164
0.986165
0.986166
0.986176
0.986178
0.986188
0.986188
0.986194
0.986198
0.9862
0.986211
0.986212
0.986212
0.986213
0.986216
0.986225
0.986235
0.986239
0.986269
0.986269
0.986276
0.986282
0.986286
0.986287
0.986289
0.986295
0.986306
0.986309
0.98631
0.986311
0.986312
0.986324
0.986335
0.986336
0.986337
0.986338
0.98634
0.986345
0.986346
0.986348
0.986351
0.98636
0.986365
0.986416
0.986418
0.986421
0.986424
0.986425
0.986441
0.986444
0.98645
0.98645
0.986453
0.986456
0.986458
0.986465
0.986483
0.986484
0.986487
0.98649
0.986496
0.986502
0.986539
0.986543
0.986544
0.986551
0.986553
0.986562
0.986565
0.986568
0.986571
0.986573
0.986593
0.986606
0.986626
0.98663
0.986634
0.986636
0.986653
0.986655
0.986656
0.98666
0.986668
0.98667
0.986681
0.986687
0.986696
0.986701
0.986702
0.98671
0.986713
0.986728
0.986731
0.986734
0.986755
0.986759
0.986768
0.986769
0.986771
0.986788
0.98681
0.986814
0.986826
0.986826
0.986853
0.986861
0.986865
0.986871
0.986884
0.986884
0.986884
0.986888
0.986899
0.98692
0.986921
0.986933
0.986933
0.986936
0.986947
0.986948
0.986972
0.986974
0.986981
0.986989
0.986989
0.986999
0.987002
0.98701
0.987015
0.987016
0.987021
0.987023
0.987025
0.987027
0.987038
0.987043
0.987044
0.987046
0.987086
0.987088
0.987102
0.987109
0.987113
0.98712
0.987138
0.987139
0.987142
0.987163
0.987164
0.987166
0.987167
0.987183
0.987193
0.987196
0.987198
0.9872
0.987202
0.987203
0.987206
0.987216
0.987219
0.987223
0.987231
0.987238
0.987246
0.987247
0.987248
0.987251
0.987259
0.987267
0.987269
0.987275
0.987283
0.987283
0.987286
0.987289
0.987291
0.987293
0.987293
0.987298
0.987308
0.987318
0.987333
0.987363
0.987365
0.98738
0.987382
0.98739
0.987406
0.987413
0.987425
0.987427
0.987428
0.987428
0.987429
0.987435
0.987445
0.987452
0.987452
0.987456
0.987459
0.987462
0.987469
0.987506
0.987512
0.987514
0.987514
0.987528
0.987551
0.987561
0.987561
0.987581
0.987587
0.987597
0.987599
0.9876
0.987601
0.987608
0.987617
0.987621
0.987622
0.987624
0.987625
0.987635
0.987641
0.987642
0.987643
0.987644
0.987646
0.98765
0.987652
0.987656
0.987668
0.987686
0.98769
0.987693
0.987694
0.987701
0.987707
0.98771
0.987713
0.987715
0.987716
0.987719
0.987722
0.987723
0.987723
0.987729
0.987731
0.987736
0.987736
0.987739
0.987739
0.98774
0.98774
0.987752
0.987753
0.987755
0.987769
0.987781
0.987785
0.987801
0.987806
0.987817
0.987824
0.98785
0.987856
0.987858
0.987861
0.987866
0.987875
0.987876
0.987877
0.987881
0.987887
0.987891
0.987897
0.987908
0.987912
0.987915
0.987915
0.987921
0.987923
0.987924
0.987925
0.987952
0.987955
0.987957
0.987957
0.987961
0.987963
0.987967
0.987968
0.987968
0.987975
0.987982
0.987987
0.987987
0.987988
0.987992
0.987993
0.987996
0.988006
0.988008
0.98801
0.988012
0.988024
0.988025
0.988031
0.988041
0.988043
0.98805
0.988055
0.988057
0.988067
0.988092
0.988105
0.988117
0.988117
0.988122
0.988128
0.98814
0.988144
0.988148
0.988153
0.988168
0.988168
0.988169
0.98817
0.988172
0.988173
0.988175
0.988181
0.988185
0.988186
0.98819
0.988193
0.988208
0.988211
0.988214
0.988214
0.988223
0.988229
0.988231
0.988235
0.988248
0.988248
0.98825
0.988253
0.988255
0.988263
0.988269
0.988275
0.988279
0.98828
0.988281
0.988281
0.988284
0.988291
0.988291
0.988293
0.988299
0.988301
0.988304
0.988311
0.988317
0.988329
0.98833
0.988332
0.988352
0.988356
0.988359
0.988362
0.988365
0.988371
0.988375
0.988376
0.988378
0.98839
0.988393
0.988414
0.98842
0.988425
0.988429
0.988437
0.988443
0.988446
0.988464
0.988476
0.988477
0.988482
0.988495
0.988496
0.988505
0.988517
0.988517
0.988517
0.98852
0.988526
0.98853
0.988535
0.988547
0.988551
0.988554
0.988558
0.988569
0.988575
0.988582
0.988586
0.988589
0.98859
0.98859
0.988601
0.988601
0.988607
0.988612
0.988617
0.988619
0.988623
0.988626
0.988629
0.988632
0.988639
0.988643
0.988652
0.988662
0.988665
0.988669
0.988682
0.988682
0.988685
0.988691
0.988693
0.988694
0.988701
0.988705
0.988711
0.988716
0.988725
0.988736
0.988736
0.988748
0.988749
0.988751
0.988755
0.988766
0.988768
0.988771
0.988771
0.988772
0.988775
0.988777
0.988783
0.988789
0.98879
0.988796
0.988796
0.988817
0.988819
0.988822
0.988836
0.988854
0.988855
0.988865
0.988866
0.98887
0.988874
0.988878
0.988892
0.988897
0.988901
0.988902
0.988902
0.988906
0.988915
0.988926
0.988927
0.988928
0.988938
0.988947
0.988947
0.988951
0.988952
0.988961
0.98897
0.988974
0.988975
0.988982
0.988988
0.98899
0.988995
0.988998
0.989001
0.989002
0.989004
0.989021
0.989028
0.989031
0.989035
0.989037
0.98904
0.989042
0.989047
0.98905
0.989052
0.989055
0.989057
0.989057
0.989059
0.989065
0.989073
0.989075
0.989075
0.989084
0.989087
0.989095
0.989104
0.989106
0.989118
0.98912
0.989129
0.989139
0.989143
0.989143
0.989147
0.989151
0.989151
0.989166
0.989167
0.989167
0.989169
0.989173
0.989194
0.989196
0.989203
0.989207
0.989208
0.989215
0.989222
0.989226
0.989228
0.989233
0.989241
0.989246
0.98925
0.989254
0.989254
0.989255
0.989268
0.989269
0.989273
0.989274
0.989281
0.989286
0.989288
0.989294
0.989303
0.98931
0.989315
0.989334
0.989338
0.989348
0.98935
0.989359
0.989367
0.989372
0.989378
0.989379
0.98938
0.98938
0.989386
0.9894
0.989404
0.989407
0.989417
0.989421
0.989429
0.989442
0.989446
0.989454
0.989456
0.989458
0.989475
0.98948
0.989483
0.989486
0.989486
0.989487
0.989498
0.989501
0.989502
0.989508
0.989514
0.989515
0.989526
0.98953
0.989544
0.989547
0.989548
0.989551
0.989556
0.98956
0.989562
0.989567
0.98957
0.989578
0.989588
0.989593
0.989601
0.989605
0.989612
0.989615
0.989625
0.989626
0.989642
0.989644
0.989648
0.989653
0.989655
0.989656
0.989675
0.989691
0.989691
0.989694
0.989704
0.989705
0.989709
0.989715
0.989719
0.989722
0.989724
0.989726
0.989736
0.989738
0.989758
0.989759
0.989761
0.989767
0.989779
0.989802
0.989808
0.989815
0.989816
0.989817
0.989824
0.989826
0.989828
0.98984
0.989848
0.989871
0.989905
0.989907
0.989919
0.989947
0.989951
0.989951
0.989953
0.989957
0.989968
0.989969
0.989974
0.989974
0.989975
0.989975
0.989976
0.98998
0.989995
0.989998
0.990009
0.990012
0.990022
0.990024
0.99004
0.990047
0.990051
0.990056
0.990056
0.990065
0.990065
0.990066
0.990075
0.990079
0.990094
0.990103
0.990108
0.990123
0.990134
0.990134
0.990139
0.990155
0.990155
0.990164
0.990165
0.99017
0.99018
0.990187
0.990191
0.9902
0.990204
0.990206
0.99022
0.990225
0.990228
0.990229
0.99023
0.990233
0.990233
0.990251
0.990257
0.990261
0.990295
0.990298
0.990302
0.990307
0.990324
0.990326
0.99033
0.990337
0.99034
0.990341
0.990345
0.990345
0.990346
0.990357
0.990357
0.990368
0.990384
0.990387
0.990388
0.990391
0.990395
0.990397
0.990425
0.990438
0.990443
0.990447
0.990449
0.99047
0.99047
0.990471
0.990476
0.990489
0.990489
0.990495
0.990496
0.990505
0.990511
0.990514
0.990541
0.990542
0.99056
0.990564
0.990564
0.990565
0.990567
0.990569
0.990573
0.990578
0.990578
0.990588
0.990588
0.990596
0.990602
0.990605
0.990607
0.990609
0.990614
0.990616
0.990616
0.990621
0.990622
0.990629
0.990634
0.990636
0.990643
0.990644
0.990647
0.990651
0.990653
0.990655
0.99066
0.99066
0.990662
0.990674
0.990676
0.990691
0.990694
0.990696
0.990703
0.990708
0.990715
0.990718
0.99073
0.990744
0.990756
0.990759
0.99076
0.990767
0.990767
0.990769
0.990772
0.990775
0.990788
0.990791
0.990792
0.990797
0.990799
0.9908
0.990801
0.990805
0.990811
0.990821
0.990826
0.99083
0.99083
0.990831
0.990832
0.990832
0.990839
0.990839
0.99085
0.99086
0.990862
0.990866
0.990876
0.990877
0.990878
0.990885
0.990889
0.990892
0.990903
0.990904
0.990904
0.990909
0.990912
0.990913
0.990913
0.990919
0.990927
0.990929
0.990929
0.990934
0.990945
0.990947
0.99095
0.990952
0.990954
0.990959
0.990966
0.990967
0.990968
0.990979
0.990994
0.991008
0.991008
0.991012
0.991024
0.991027
0.991028
0.991031
0.991031
0.991034
0.991036
0.991039
0.991042
0.991045
0.991046
0.991056
0.991061
0.991062
0.991062
0.991068
0.991068
0.991069
0.991078
0.991093
0.991094
0.991096
0.9911
0.991104
0.991114
0.991118
0.991124
0.991129
0.991136
0.991139
0.991147
0.991149
0.991154
0.991158
0.991161
0.991161
0.991164
0.991183
0.991184
0.991192
0.991197
0.991202
0.991206
0.991209
0.99121
0.991211
0.991213
0.991214
0.99122
0.991229
0.99123
0.99123
0.99123
0.991231
0.991238
0.991241
0.991281
0.991283
0.991295
0.991295
0.991306
0.991309
0.991314
0.991316
0.991334
0.991335
0.991343
0.99135
0.991353
0.991355
0.991357
0.991366
0.991377
0.991377
0.99138
0.991382
0.991384
0.991385
0.991389
0.991393
0.991398
0.9914
0.991401
0.991412
0.991413
0.991418
0.991419
0.991421
0.991423
0.991434
0.991437
0.99144
0.991444
0.991458
0.991461
0.991462
0.991462
0.991467
0.991467
0.991469
0.991472
0.991476
0.991477
0.991479
0.991484
0.991487
0.991488
0.991489
0.991492
0.991494
0.991511
0.991512
0.99152
0.991525
0.991528
0.991528
0.991535
0.991536
0.991539
0.991541
0.991552
0.991553
0.991559
0.991563
0.991563
0.991575
0.991603
0.99161
0.991636
0.991637
0.991638
0.991648
0.991651
0.991653
0.991653
0.991655
0.99166
0.991666
0.991671
0.991674
0.991675
0.991678
0.991686
0.991686
0.9917
0.991704
0.991705
0.991708
0.991711
0.991726
0.991726
0.991728
0.991728
0.991738
0.991742
0.991746
0.991753
0.991763
0.991775
0.991801
0.991808
0.991809
0.991811
0.991814
0.991814
0.991818
0.99182
0.991821
0.991822
0.99183
0.991842
0.991846
0.991847
0.99186
0.991872
0.991874
0.991877
0.991892
0.991894
0.991894
0.991897
0.991899
0.99191
0.991915
0.991921
0.991922
0.991924
0.991937
0.991966
0.991968
0.99197
0.991977
0.991978
0.99198
0.991981
0.991983
0.991991
0.991995
0.991995
0.992
0.992027
0.992034
0.992038
0.992041
0.992047
0.992051
0.992052
0.99206
0.992061
0.992064
0.992068
0.992071
0.992075
0.992082
0.992093
0.992096
0.992107
0.992122
0.992124
0.992124
0.992124
0.992125
0.992128
0.99213
0.992131
0.992132
0.992136
0.992139
0.992141
0.992142
0.992143
0.99215
0.992152
0.992155
0.992168
0.99218
0.992182
0.992191
0.992196
0.992197
0.992199
0.9922
0.992207
0.99221
0.992214
0.99222
0.992223
0.992226
0.992228
0.992229
0.99223
0.992238
0.992244
0.992247
0.992249
0.992251
0.992258
0.992259
0.992276
0.992283
0.992314
0.992323
0.992325
0.992326
0.992327
0.99234
0.992344
0.992349
0.992353
0.992354
0.992355
0.992355
0.992355
0.992358
0.992368
0.992369
0.992376
0.992378
0.992378
0.992379
0.99239
0.992394
0.992402
0.992402
0.992409
0.992413
0.99242
0.992421
0.992426
0.992427
0.992428
0.992429
0.99243
0.992434
0.992441
0.992443
0.992446
0.992448
0.992455
0.992458
0.992469
0.992474
0.992481
0.992482
0.992484
0.992491
0.992497
0.992503
0.992516
0.992546
0.992551
0.992555
0.992557
0.992558
0.992574
0.992577
0.992589
0.992603
0.992608
0.992611
0.99263
0.992633
0.992634
0.992635
0.99264
0.992645
0.992652
0.992654
0.992656
0.992658
0.992658
0.992661
0.992661
0.992662
0.992671
0.992674
0.992678
0.992683
0.992691
0.992695
0.9927
0.992708
0.992728
0.992728
0.992733
0.99274
0.99274
0.99274
0.992745
0.992747
0.992755
0.992757
0.992757
0.992758
0.992761
0.992766
0.992772
0.992784
0.992786
0.992786
0.992806
0.992817
0.99282
0.992826
0.992826
0.992833
0.992845
0.992845
0.992848
0.99285
0.992857
0.99286
0.992861
0.992871
0.992873
0.992875
0.992879
0.992884
0.992886
0.992887
0.99289
0.992901
0.99291
0.992916
0.992918
0.992924
0.992925
0.992929
0.99293
0.992934
0.992944
0.992946
0.992946
0.992957
0.992959
0.992964
0.992966
0.992967
0.992976
0.99298
0.992983
0.992989
0.992991
0.993
0.993007
0.993014
0.993021
0.993021
0.993023
0.993026
0.993028
0.993029
0.99303
0.993031
0.993032
0.993033
0.993036
0.993044
0.993048
0.993052
0.99306
0.993073
0.993088
0.993091
0.993094
0.993097
0.9931
0.993102
0.993109
0.993115
0.993126
0.993127
0.993136
0.993139
0.99314
0.993145
0.993152
0.99316
0.993165
0.993165
0.993168
0.993173
0.993207
0.993208
0.993209
0.993218
0.993219
0.993223
0.993236
0.993248
0.99325
0.993251
0.993258
0.99326
0.993262
0.99327
0.993271
0.99328
0.993287
0.993291
0.993292
0.993292
0.993297
0.993304
0.993314
0.99332
0.993322
0.993326
0.993327
0.993334
0.993342
0.993345
0.993346
0.993356
0.993363
0.993368
0.993371
0.993375
0.993381
0.993387
0.993396
0.993398
0.993404
0.993411
0.993416
0.993416
0.993417
0.993424
0.99343
0.993432
0.993434
0.993439
0.993442
0.993453
0.993459
0.99346
0.993463
0.993465
0.993467
0.993473
0.993477
0.993479
0.993489
0.99349
0.99349
0.993492
0.993492
0.993494
0.993496
0.993499
0.9935
0.9935
0.993506
0.993508
0.993509
0.993516
0.993516
0.993519
0.99352
0.99352
0.993531
0.993544
0.993545
0.993555
0.993558
0.993559
0.993564
0.993566
0.993568
0.993572
0.993576
0.993599
0.993602
0.993604
0.993607
0.993607
0.993608
0.99361
0.993613
0.993617
0.993628
0.993629
0.99363
0.993635
0.993652
0.993654
0.993668
0.993672
0.993692
0.993707
0.993707
0.993709
0.993717
0.993726
0.993731
0.993731
0.993755
0.993755
0.993757
0.993764
0.993765
0.993766
0.993769
0.993776
0.99378
0.99378
0.993781
0.993785
0.993788
0.993789
0.993791
0.993791
0.993801
0.993808
0.993815
0.993816
0.993818
0.993829
0.993831
0.993832
0.993834
0.993837
0.993841
0.993849
0.993853
0.993855
0.993862
0.993867
0.99387
0.993872
0.993885
0.993886
0.993889
0.993893
0.993894
0.993894
0.993901
0.993902
0.993923
0.993924
0.993925
0.993933
0.993941
0.993947
0.99395
0.99396
0.993962
0.993967
0.993971
0.993974
0.993976
0.993982
0.993982
0.993983
0.993983
0.993983
0.993987
0.993987
0.993987
0.99399
0.993993
0.994002
0.994003
0.994009
0.994013
0.994013
0.994016
0.994017
0.994017
0.994017
0.99402
0.994029
0.994039
0.994042
0.994049
0.99405
0.994057
0.99406
0.994068
0.99407
0.994072
0.994072
0.994083
0.994084
0.99409
0.994097
0.9941
0.994103
0.99413
0.994134
0.99414
0.994142
0.994145
0.994155
0.994156
0.994162
0.994163
0.994163
0.994168
0.994169
0.994173
0.994174
0.99418
0.994192
0.994198
0.994198
0.994202
0.994203
0.994205
0.994205
0.994207
0.994216
0.994221
0.994225
0.99423
0.994241
0.994249
0.994252
0.994254
0.994257
0.994267
0.994296
0.9943
0.9943
0.994306
0.994308
0.994316
0.99432
0.994324
0.99433
0.994331
0.994336
0.994338
0.994339
0.994341
0.994343
0.994343
0.994344
0.994348
0.994348
0.994349
0.994355
0.99436
0.994365
0.994367
0.99437
0.994372
0.994374
0.994378
0.994383
0.99439
0.994394
0.994395
0.994403
0.994408
0.994414
0.994425
0.994437
0.994438
0.994461
0.994465
0.994484
0.99449
0.99449
0.994495
0.994496
0.994504
0.994507
0.994511
0.994511
0.994526
0.994527
0.994531
0.994534
0.994536
0.994538
0.994546
0.994556
0.994569
0.994571
0.994583
0.994583
0.994601
0.994603
0.994606
0.994611
0.994614
0.994623
0.994638
0.994638
0.994646
0.994654
0.994655
0.994658
0.994658
0.994664
0.994665
0.99468
0.994682
0.994687
0.994692
0.994698
0.994699
0.994702
0.994704
0.994707
0.994712
0.994719
0.994721
0.994725
0.994727
0.994732
0.994739
0.994741
0.994742
0.994744
0.994755
0.994757
0.994759
0.994769
0.99477
0.994786
0.994788
0.994793
0.994794
0.994796
0.994798
0.994805
0.994813
0.99483
0.994834
0.994841
0.994847
0.994851
0.994853
0.994854
0.994858
0.994859
0.994867
0.994869
0.994871
0.994884
0.994886
0.994887
0.994892
0.994892
0.994896
0.994897
0.994903
0.99491
0.994916
0.994925
0.994928
0.994938
0.994941
0.994945
0.994962
0.994963
0.994967
0.99497
0.994972
0.99498
0.994984
0.994985
0.994993
0.994994
0.994998
0.995
0.995005
0.995007
0.995008
0.995014
0.995016
0.995022
0.995034
0.995034
0.995042
0.995043
0.995047
0.995051
0.995059
0.995065
0.995066
0.995068
0.995073
0.995079
0.99508
0.995085
0.995085
0.995108
0.99511
0.995111
0.995116
0.995123
0.995124
0.995126
0.995128
0.995135
0.995136
0.99514
0.995142
0.995148
0.995152
0.995163
0.995169
0.995176
0.995182
0.995195
0.9952
0.995202
0.995202
0.995208
0.995215
0.995216
0.995221
0.995226
0.995228
0.995234
0.995235
0.995235
0.995239
0.99524
0.995242
0.995245
0.99525
0.995251
0.995252
0.99526
0.995261
0.995263
0.995263
0.995263
0.995267
0.995273
0.995274
0.995281
0.995282
0.995284
0.995288
0.995288
0.995295
0.995298
0.995298
0.995302
0.995303
0.995321
0.995331
0.995336
0.995345
0.995348
0.995348
0.995349
0.995349
0.99535
0.995352
0.995353
0.995355
0.995355
0.995364
0.995365
0.995371
0.995372
0.995378
0.995387
0.995394
0.995408
0.995409
0.995431
0.995435
0.995438
0.995439
0.995445
0.995446
0.995456
0.995477
0.99548
0.995484
0.995487
0.995508
0.995511
0.995512
0.995512
0.995515
0.995522
0.995522
0.995526
0.995528
0.99553
0.99553
0.995531
0.99554
0.995545
0.99555
0.995552
0.995557
0.995558
0.995559
0.99557
0.995574
0.995575
0.995578
0.995579
0.995584
0.995585
0.995585
0.995601
0.995602
0.995603
0.995607
0.995607
0.995615
0.995616
0.995625
0.995627
0.99563
0.995634
0.995638
0.99564
0.995649
0.99565
0.995662
0.995668
0.995669
0.995677
0.995677
0.995679
0.995685
0.995687
0.995694
0.995695
0.995697
0.995698
0.995702
0.995709
0.995718
0.995724
0.995728
0.995728
0.995731
0.995756
0.995756
0.995757
0.995765
0.995775
0.995782
0.995782
0.995787
0.99579
0.995795
0.995798
0.9958
0.995805
0.995809
0.995812
0.995819
0.995835
0.995838
0.995842
0.995859
0.995862
0.995864
0.995864
0.995865
0.995867
0.995869
0.995871
0.995874
0.995898
0.995913
0.995917
0.995926
0.995928
0.995928
0.995929
0.995943
0.995946
0.995948
0.99595
0.995954
0.995954
0.995956
0.995962
0.995973
0.995975
0.99598
0.995983
0.995988
0.995991
0.995992
0.995996
0.995996
0.995999
0.995999
0.996
0.996002
0.996005
0.996017
0.99603
0.996037
0.996054
0.996058
0.996062
0.996063
0.996077
0.996078
0.996079
0.996085
0.996093
0.996096
0.996097
0.996099
0.996101
0.996111
0.996112
0.996113
0.996114
0.996126
0.99613
0.996147
0.996149
0.996149
0.996153
0.996157
0.996157
0.996169
0.996169
0.996177
0.996184
0.996184
0.996188
0.996191
0.996193
0.996197
0.9962
0.996203
0.996208
0.996209
0.996213
0.996217
0.996219
0.996219
0.996221
0.996221
0.996228
0.996233
0.996235
0.996236
0.996247
0.996257
0.996257
0.996259
0.99626
0.996262
0.996269
0.996277
0.996278
0.996279
0.996286
0.996288
0.996292
0.996293
0.996294
0.996298
0.996298
0.9963
0.996302
0.996311
0.996312
0.996312
0.996317
0.99633
0.996331
0.996332
0.996334
0.996337
0.996341
0.996348
0.996354
0.996363
0.996365
0.996374
0.996374
0.996375
0.996393
0.9964
0.996409
0.996411
0.996413
0.996418
0.996421
0.996421
0.996422
0.996427
0.996431
0.996434
0.996442
0.99645
0.99646
0.996469
0.996472
0.996476
0.996477
0.996478
0.996519
0.996522
0.996534
0.996535
0.996539
0.996541
0.996543
0.996543
0.996557
0.996558
0.996558
0.996563
0.996568
0.996574
0.996574
0.996578
0.996588
0.99659
0.996592
0.996592
0.996602
0.996607
0.996607
0.996608
0.99661
0.996643
0.996661
0.996664
0.996665
0.996687
0.996687
0.996687
0.996694
0.996694
0.996694
0.9967
0.996701
0.996704
0.996721
0.996725
0.996729
0.996765
0.996765
0.996775
0.996777
0.99678
0.996783
0.996787
0.996788
0.996791
0.996792
0.996793
0.996796
0.996799
0.996802
0.996807
0.996807
0.996808
0.996814
0.996818
0.996825
0.996827
0.996827
0.99684
0.996845
0.996846
0.996849
0.996861
0.996876
0.99688
0.996885
0.996887
0.996889
0.996896
0.996898
0.996901
0.996902
0.996904
0.996906
0.996909
0.996909
0.996912
0.996912
0.996914
0.996916
0.996916
0.99693
0.996931
0.996937
0.99694
0.996948
0.99695
0.99695
0.996951
0.996955
0.996959
0.996963
0.996966
0.996969
0.996979
0.99699
0.996991
0.996995
0.997001
0.997017
0.997021
0.997022
0.997023
0.997028
0.997039
0.997047
0.99705
0.997054
0.997056
0.997063
0.997064
0.997077
0.997087
0.997088
0.997095
0.997099
0.997115
0.997121
0.997127
0.997132
0.997134
0.997138
0.997139
0.99714
0.997144
0.997146
0.997146
0.997147
0.997159
0.99716
0.99716
0.997166
0.997168
0.997169
0.997174
0.997174
0.997178
0.99718
0.997183
0.997186
0.997189
0.99719
0.997191
0.997198
0.997201
0.99721
0.997211
0.997211
0.997214
0.997218
0.997235
0.99724
0.997244
0.997252
0.997255
0.997255
0.997262
0.997266
0.997272
0.997275
0.997284
0.997294
0.997295
0.997295
0.997312
0.997312
0.997313
0.997315
0.997317
0.997323
0.997324
0.997326
0.997327
0.997338
0.997339
0.997343
0.997344
0.99735
0.997358
0.997359
0.997361
0.997365
0.997368
0.997369
0.997372
0.997376
0.997379
0.99738
0.997381
0.997383
0.997386
0.997392
0.997394
0.997402
0.997403
0.997407
0.997409
0.997419
0.997423
0.997429
0.997444
0.997455
0.997458
0.997471
0.997471
0.99748
0.997482
0.997488
0.997497
0.997505
0.997515
0.997516
0.997518
0.997524
0.997524
0.997531
0.997532
0.997537
0.997546
0.997547
0.997551
0.997555
0.997556
0.997561
0.997567
0.997569
0.997573
0.997578
0.997581
0.997583
0.997588
0.997592
0.997593
0.997596
0.997599
0.997602
0.997602
0.997604
0.997608
0.99761
0.997612
0.997613
0.997623
0.997624
0.997626
0.997627
0.997629
0.997631
0.997631
0.997635
0.997648
0.997649
0.99766
0.997662
0.997663
0.997668
0.997668
0.99767
0.997674
0.997681
0.997682
0.997685
0.997685
0.997688
0.997691
0.997692
0.997699
0.997709
0.99771
0.997712
0.997713
0.997723
0.997735
0.997745
0.997745
0.997747
0.99776
0.997761
0.997764
0.997767
0.997772
0.997773
0.997777
0.997779
0.997779
0.99778
0.997794
0.997794
0.997798
0.997802
0.997814
0.997816
0.99782
0.997827
0.997835
0.997839
0.997844
0.997845
0.997846
0.997846
0.99785
0.99785
0.997852
0.997861
0.997869
0.997876
0.997883
0.997883
0.997893
0.997895
0.997897
0.997897
0.997902
0.997905
0.99791
0.997915
0.997916
0.997927
0.997929
0.997934
0.997942
0.997946
0.997951
0.997951
0.997951
0.997951
0.997954
0.997967
0.997969
0.99797
0.997975
0.997978
0.99798
0.997983
0.997987
0.997989
0.998003
0.998007
0.998008
0.998019
0.998021
0.998024
0.998043
0.998046
0.998046
0.998047
0.998055
0.998055
0.998056
0.998065
0.99807
0.998075
0.998076
0.998081
0.998087
0.998098
0.998098
0.998101
0.998103
0.998108
0.998108
0.998113
0.99812
0.998121
0.998128
0.998129
0.998132
0.998139
0.998141
0.998143
0.99815
0.998153
0.99816
0.998168
0.998176
0.99819
0.998193
0.998197
0.998204
0.998205
0.998214
0.998215
0.998218
0.998219
0.998224
0.998228
0.998236
0.998238
0.998239
0.998243
0.998243
0.998243
0.998243
0.998247
0.998249
0.99825
0.998253
0.998255
0.99826
0.998265
0.998266
0.99827
0.998277
0.998287
0.998297
0.998302
0.998305
0.998306
0.998309
0.998311
0.998312
0.998313
0.998322
0.998323
0.998328
0.998346
0.998351
0.998354
0.998366
0.998377
0.998378
0.998384
0.998391
0.998396
0.998397
0.998398
0.998398
0.998402
0.998407
0.998408
0.99841
0.998418
0.998419
0.998431
0.998439
0.998444
0.998447
0.998452
0.998458
0.99846
0.998462
0.998462
0.998462
0.998476
0.998477
0.998481
0.998482
0.998482
0.998485
0.998486
0.998487
0.998496
0.998497
0.998503
0.998503
0.998516
0.998518
0.998522
0.998525
0.998528
0.998532
0.998545
0.998548
0.99855
0.998551
0.998553
0.998561
0.998561
0.998577
0.99858
0.998584
0.998588
0.998597
0.998598
0.9986
0.998606
0.998607
0.998607
0.998611
0.998613
0.998614
0.998623
0.99863
0.998635
0.99864
0.998641
0.998656
0.998661
0.998661
0.998666
0.998668
0.998672
0.998673
0.998673
0.998676
0.998676
0.998677
0.998679
0.998685
0.99869
0.998692
0.998692
0.998693
0.998694
0.9987
0.998703
0.998712
0.998712
0.998717
0.998723
0.998728
0.99873
0.998731
0.998736
0.998739
0.99874
0.998744
0.998746
0.998749
0.998758
0.998761
0.998769
0.998774
0.998778
0.99878
0.998785
0.998787
0.998788
0.998791
0.998792
0.998813
0.998821
0.998833
0.998837
0.998838
0.998842
0.998846
0.998848
0.998849
0.998861
0.998864
0.998866
0.998872
0.99889
0.998908
0.998909
0.998932
0.998933
0.998949
0.998955
0.998963
0.998965
0.998966
0.998967
0.998981
0.998994
0.998998
0.999002
0.999002
0.999014
0.99902
0.999033
0.999038
0.99904
0.99904
0.999041
0.999041
0.999042
0.999044
0.999063
0.999065
0.999066
0.99907
0.999071
0.999072
0.999075
0.999076
0.999077
0.99909
0.999091
0.999092
0.999097
0.999101
0.999112
0.999117
0.999119
0.999125
0.999126
0.999138
0.999142
0.99916
0.999174
0.999176
0.999177
0.999188
0.99919
0.99919
0.999196
0.9992
0.999202
0.999213
0.999215
0.999222
0.999222
0.999224
0.999229
0.999236
0.999237
0.99924
0.999244
0.999246
0.999253
0.999254
0.999259
0.999261
0.999263
0.999276
0.999278
0.999292
0.999293
0.999298
0.999301
0.999304
0.999306
0.99931
0.999316
0.999321
0.999337
0.99934
0.99934
0.99934
0.999344
0.999347
0.999349
0.99935
0.999352
0.999352
0.999353
0.999363
0.999363
0.999365
0.999372
0.999374
0.999379
0.999382
0.999384
0.999388
0.999393
0.999397
0.999402
0.999403
0.999403
0.999409
0.999412
0.999413
0.999413
0.999428
0.99943
0.999432
0.999435
0.999435
0.999437
0.999437
0.99944
0.999442
0.999443
0.999448
0.999455
0.999456
0.999461
0.999462
0.999471
0.999474
0.999492
0.999492
0.999504
0.999505
0.999508
0.999509
0.999521
0.99953
0.999533
0.999538
0.999538
0.999541
0.999544
0.999545
0.999546
0.999547
0.999551
0.999552
0.999552
0.999557
0.999558
0.999559
0.999567
0.999567
0.999568
0.999569
0.999578
0.999579
0.999582
0.999584
0.999587
0.999597
0.999598
0.999605
0.999613
0.999616
0.999617
0.999621
0.999623
0.99963
0.99964
0.999642
0.999649
0.999657
0.999666
0.999671
0.999674
0.999684
0.999688
0.999695
0.999697
0.999699
0.9997
0.999701
0.999711
0.999711
0.999711
0.999716
0.999718
0.999719
0.99972
0.999721
0.999729
0.999731
0.999735
0.99974
0.999747
0.999749
0.999749
0.99975
0.999751
0.999754
0.999757
0.999766
0.999795
0.999804
0.999813
0.999815
0.999816
0.999821
0.999827
0.999829
0.999857
0.999861
0.999869
0.99987
0.999871
0.999872
0.999874
0.999895
0.999895
0.999896
0.999897
0.999901
0.999904
0.999914
0.999915
0.999919
0.99992
0.999924
0.999933
0.999936
0.999938
0.999941
0.999943
0.999945
0.999949
0.999951
0.999951
0.999953
0.999957
0.999957
0.99996
0.999968
0.999972
0.999974
0.999981
0.99999
0.999991
1
1.00001
1.00001
1.00001
1.00001
1.00001
1.00001
1.00001
1.00002
1.00002
1.00003
1.00003
1.00004
1.00004
1.00004
1.00004
1.00004
1.00005
1.00005
1.00005
1.00005
1.00006
1.00006
1.00007
1.00007
1.00009
1.00009
1.00009
1.00009
1.0001
1.0001
1.0001
1.00011
1.00012
1.00012
1.00013
1.00013
1.00014
1.00015
1.00015
1.00016
1.00018
1.00018
1.00018
1.00019
1.00019
1.00019
1.00019
1.0002
1.0002
1.0002
1.0002
1.00021
1.00021
1.00021
1.00022
1.00023
1.00024
1.00024
1.00025
1.00026
1.00026
1.00026
1.00026
1.00026
1.00027
1.00027
1.00027
1.00028
1.00029
1.0003
1.0003
1.0003
1.00031
1.00031
1.00033
1.00033
1.00033
1.00034
1.00034
1.00034
1.00035
1.00035
1.00036
1.00036
1.00036
1.00037
1.00037
1.00037
1.00038
1.00038
1.00039
1.00039
1.00039
1.0004
1.00041
1.00041
1.00041
1.00041
1.00042
1.00043
1.00043
1.00043
1.00043
1.00043
1.00043
1.00043
1.00044
1.00044
1.00044
1.00044
1.00044
1.00044
1.00044
1.00045
1.00045
1.00046
1.00047
1.00048
1.00048
1.00048
1.00049
1.00052
1.00052
1.00053
1.00053
1.00054
1.00055
1.00056
1.00057
1.00057
1.00058
1.00059
1.00059
1.00059
1.00061
1.00061
1.00062
1.00063
1.00063
1.00064
1.00064
1.00064
1.00065
1.00065
1.00065
1.00065
1.00066
1.00066
1.00066
1.00066
1.00066
1.00067
1.00067
1.00067
1.00068
1.00068
1.00068
1.00069
1.00069
1.00071
1.00071
1.00071
1.00072
1.00072
1.00072
1.00073
1.00073
1.00074
1.00076
1.00076
1.00077
1.00078
1.00078
1.00079
1.00079
1.00079
1.0008
1.0008
1.0008
1.0008
1.00081
1.00081
1.00081
1.00081
1.00082
1.00082
1.00083
1.00083
1.00084
1.00084
1.00084
1.00085
1.00086
1.00086
1.00087
1.00087
1.00088
1.00088
1.00089
1.0009
1.0009
1.00091
1.00092
1.00093
1.00094
1.00094
1.00094
1.00094
1.00095
1.00095
1.00095
1.00096
1.00097
1.00097
1.00098
1.00098
1.00098
1.00099
1.00103
1.00104
1.00104
1.00104
1.00105
1.00105
1.00105
1.00105
1.00106
1.00106
1.00106
1.00106
1.00106
1.00107
1.00107
1.00107
1.00109
1.00109
1.00109
1.00109
1.00109
1.0011
1.0011
1.0011
1.0011
1.0011
1.00111
1.00111
1.00112
1.00112
1.00113
1.00114
1.00114
1.00114
1.00114
1.00114
1.00115
1.00115
1.00115
1.00116
1.00117
1.00117
1.00117
1.00117
1.00117
1.00118
1.00118
1.00118
1.00118
1.00119
1.00119
1.0012
1.00121
1.00121
1.00122
1.00123
1.00123
1.00123
1.00124
1.00124
1.00125
1.00125
1.00126
1.00126
1.00126
1.00126
1.00126
1.00126
1.00127
1.00127
1.00127
1.00127
1.00127
1.00128
1.00129
1.0013
1.00131
1.00131
1.00131
1.00132
1.00132
1.00133
1.00134
1.00134
1.00135
1.00136
1.00137
1.00137
1.00137
1.00137
1.00139
1.00139
1.00139
1.00139
1.0014
1.0014
1.0014
1.0014
1.0014
1.00141
1.00141
1.00141
1.00141
1.00141
1.00141
1.00142
1.00143
1.00143
1.00144
1.00144
1.00146
1.00146
1.00146
1.00146
1.00147
1.00149
1.00149
1.00149
1.00149
1.00149
1.0015
1.0015
1.00151
1.00151
1.00152
1.00153
1.00153
1.00153
1.00154
1.00154
1.00154
1.00154
1.00155
1.00155
1.00155
1.00155
1.00157
1.00159
1.00159
1.00159
1.00161
1.00162
1.00162
1.00163
1.00164
1.00164
1.00164
1.00165
1.00166
1.00166
1.00166
1.00167
1.00167
1.00167
1.00167
1.00168
1.00168
1.00168
1.00169
1.00169
1.00169
1.0017
1.00172
1.00172
1.00172
1.00173
1.00174
1.00175
1.00175
1.00175
1.00175
1.00176
1.00177
1.00178
1.00178
1.00178
1.00178
1.00179
1.00179
1.00179
1.0018
1.0018
1.00181
1.00181
1.00181
1.00183
1.00183
1.00184
1.00184
1.00184
1.00184
1.00184
1.00185
1.00185
1.00185
1.00186
1.00186
1.00187
1.00188
1.00188
1.00188
1.00189
1.0019
1.00191
1.00192
1.00192
1.00192
1.00192
1.00193
1.00194
1.00194
1.00195
1.00195
1.00195
1.00196
1.00196
1.00198
1.00198
1.00199
1.002
1.002
1.00201
1.00201
1.00201
1.00202
1.00202
1.00202
1.00203
1.00203
1.00203
1.00203
1.00204
1.00204
1.00204
1.00205
1.00205
1.00205
1.00205
1.00206
1.00207
1.00208
1.00208
1.00208
1.00209
1.00209
1.00209
1.00209
1.00209
1.0021
1.0021
1.00211
1.00211
1.00211
1.00211
1.00212
1.00213
1.00213
1.00213
1.00215
1.00215
1.00215
1.00215
1.00216
1.00216
1.00216
1.00217
1.00217
1.00218
1.00219
1.00219
1.00219
1.0022
1.0022
1.00221
1.00222
1.00222
1.00222
1.00222
1.00223
1.00224
1.00224
1.00225
1.00225
1.00226
1.00226
1.00226
1.00226
1.00226
1.00228
1.00228
1.0023
1.00232
1.00232
1.00233
1.00233
1.00233
1.00233
1.00234
1.00234
1.00234
1.00234
1.00234
1.00235
1.00235
1.00236
1.00236
1.00236
1.00237
1.00237
1.00238
1.00238
1.00239
1.00239
1.00239
1.00239
1.0024
1.0024
1.00241
1.00242
1.00242
1.00243
1.00243
1.00243
1.00243
1.00244
1.00244
1.00245
1.00245
1.00245
1.00246
1.00246
1.00246
1.00247
1.00247
1.00247
1.00248
1.00248
1.00249
1.00249
1.00249
1.00249
1.00249
1.0025
1.0025
1.0025
1.00251
1.00251
1.00252
1.00252
1.00252
1.00252
1.00253
1.00253
1.00253
1.00254
1.00254
1.00254
1.00254
1.00254
1.00255
1.00255
1.00256
1.00256
1.00258
1.00258
1.00259
1.00259
1.00259
1.0026
1.0026
1.00261
1.00261
1.00261
1.00262
1.00262
1.00263
1.00263
1.00263
1.00264
1.00264
1.00265
1.00265
1.00265
1.00266
1.00266
1.00267
1.00268
1.00268
1.00269
1.00269
1.00269
1.0027
1.00271
1.00271
1.00271
1.00272
1.00272
1.00272
1.00272
1.00273
1.00273
1.00274
1.00274
1.00274
1.00274
1.00274
1.00274
1.00275
1.00275
1.00275
1.00276
1.00277
1.00277
1.00277
1.00278
1.00278
1.00278
1.00278
1.00279
1.00279
1.00279
1.0028
1.0028
1.0028
1.0028
1.0028
1.0028
1.00281
1.00281
1.00282
1.00282
1.00282
1.00283
1.00283
1.00284
1.00284
1.00284
1.00285
1.00285
1.00286
1.00287
1.00287
1.00287
1.00288
1.00288
1.00289
1.00289
1.00289
1.0029
1.0029
1.00291
1.00291
1.00291
1.00292
1.00292
1.00292
1.00292
1.00292
1.00293
1.00293
1.00294
1.00294
1.00294
1.00296
1.00296
1.00296
1.00296
1.00297
1.00297
1.00298
1.00298
1.00298
1.00299
1.003
1.00301
1.00303
1.00303
1.00303
1.00304
1.00304
1.00304
1.00304
1.00304
1.00305
1.00305
1.00305
1.00307
1.00307
1.00307
1.00308
1.00308
1.00309
1.00309
1.00309
1.0031
1.0031
1.0031
1.0031
1.00311
1.00311
1.00311
1.00311
1.00313
1.00313
1.00313
1.00314
1.00314
1.00314
1.00314
1.00314
1.00315
1.00317
1.00317
1.00317
1.00317
1.00318
1.00318
1.00318
1.00318
1.00318
1.00319
1.00319
1.00319
1.00319
1.0032
1.0032
1.00321
1.00321
1.00322
1.00322
1.00322
1.00322
1.00324
1.00324
1.00325
1.00326
1.00327
1.00327
1.00328
1.00329
1.00329
1.00329
1.00329
1.00329
1.00329
1.00329
1.0033
1.0033
1.00332
1.00333
1.00333
1.00333
1.00333
1.00334
1.00334
1.00335
1.00335
1.00335
1.00335
1.00335
1.00336
1.00336
1.00336
1.00336
1.00337
1.00339
1.00339
1.00341
1.00341
1.00341
1.00341
1.00341
1.00342
1.00342
1.00342
1.00343
1.00343
1.00344
1.00344
1.00344
1.00345
1.00345
1.00345
1.00345
1.00345
1.00346
1.00346
1.00346
1.00346
1.00347
1.00348
1.00348
1.00349
1.00349
1.00349
1.00349
1.0035
1.0035
1.00351
1.00352
1.00352
1.00352
1.00352
1.00352
1.00352
1.00353
1.00353
1.00353
1.00354
1.00354
1.00354
1.00355
1.00355
1.00355
1.00356
1.00357
1.00357
1.00357
1.00358
1.00358
1.00359
1.00359
1.00359
1.0036
1.0036
1.00361
1.00361
1.00362
1.00362
1.00363
1.00363
1.00365
1.00365
1.00366
1.00367
1.00368
1.00368
1.00368
1.00369
1.00369
1.00369
1.0037
1.0037
1.0037
1.0037
1.0037
1.00372
1.00372
1.00372
1.00374
1.00374
1.00374
1.00375
1.00376
1.00376
1.00376
1.00376
1.00377
1.00377
1.00377
1.00377
1.00378
1.00378
1.00379
1.0038
1.0038
1.0038
1.0038
1.0038
1.00381
1.00381
1.00382
1.00383
1.00383
1.00384
1.00384
1.00385
1.00386
1.00386
1.00386
1.00386
1.00386
1.00387
1.00387
1.00388
1.00388
1.00388
1.00389
1.00389
1.00389
1.00389
1.0039
1.00391
1.00391
1.00391
1.00391
1.00392
1.00392
1.00392
1.00392
1.00393
1.00394
1.00394
1.00395
1.00395
1.00396
1.00397
1.00397
1.00398
1.00398
1.00398
1.00398
1.00398
1.00398
1.004
1.004
1.004
1.00401
1.00402
1.00402
1.00405
1.00405
1.00406
1.00406
1.00408
1.00408
1.00408
1.00409
1.0041
1.0041
1.0041
1.0041
1.00411
1.00411
1.00412
1.00412
1.00412
1.00412
1.00413
1.00413
1.00413
1.00413
1.00414
1.00414
1.00414
1.00415
1.00415
1.00415
1.00417
1.00418
1.00418
1.00418
1.00419
1.0042
1.0042
1.0042
1.00421
1.00422
1.00423
1.00424
1.00424
1.00424
1.00424
1.00425
1.00425
1.00425
1.00426
1.00426
1.00427
1.00427
1.00428
1.00428
1.00429
1.00429
1.00429
1.0043
1.0043
1.00432
1.00432
1.00432
1.00432
1.00432
1.00432
1.00434
1.00434
1.00434
1.00436
1.00436
1.00436
1.00436
1.00436
1.00436
1.00437
1.00437
1.00438
1.00438
1.00438
1.00438
1.00438
1.00439
1.00439
1.00439
1.00439
1.00439
1.0044
1.00441
1.00442
1.00442
1.00443
1.00443
1.00443
1.00444
1.00444
1.00444
1.00444
1.00445
1.00445
1.00446
1.00446
1.00447
1.00447
1.00447
1.00448
1.00448
1.00448
1.00448
1.0045
1.0045
1.00451
1.00451
1.00452
1.00452
1.00453
1.00453
1.00453
1.00453
1.00454
1.00454
1.00454
1.00455
1.00455
1.00456
1.00456
1.00456
1.00456
1.00456
1.00456
1.00457
1.00457
1.00458
1.00458
1.00459
1.00459
1.00459
1.00459
1.0046
1.0046
1.00461
1.00461
1.00461
1.00462
1.00462
1.00462
1.00463
1.00463
1.00464
1.00464
1.00464
1.00465
1.00465
1.00466
1.00466
1.00466
1.00466
1.00467
1.00468
1.00468
1.00468
1.00469
1.0047
1.0047
1.00471
1.00471
1.00472
1.00472
1.00472
1.00472
1.00473
1.00473
1.00473
1.00474
1.00474
1.00475
1.00475
1.00475
1.00476
1.00476
1.00476
1.00477
1.00477
1.00477
1.00477
1.00478
1.00478
1.00479
1.0048
1.00481
1.00482
1.00482
1.00482
1.00485
1.00485
1.00486
1.00486
1.00486
1.00487
1.00488
1.00488
1.00489
1.00489
1.0049
1.0049
1.00491
1.00491
1.00492
1.00492
1.00492
1.00493
1.00493
1.00494
1.00495
1.00495
1.00495
1.00496
1.00496
1.00496
1.00496
1.00498
1.00498
1.005
1.005
1.00503
1.00503
1.00504
1.00505
1.00505
1.00505
1.00506
1.00507
1.00508
1.00509
1.0051
1.0051
1.0051
1.00511
1.00511
1.00511
1.00512
1.00514
1.00514
1.00515
1.00517
1.00518
1.00518
1.00518
1.00519
1.00519
1.0052
1.0052
1.0052
1.00521
1.00521
1.00521
1.00521
1.00522
1.00522
1.00523
1.00523
1.00523
1.00524
1.00524
1.00525
1.00525
1.00526
1.00527
1.00527
1.00527
1.00528
1.00528
1.00529
1.00529
1.00529
1.00529
1.0053
1.0053
1.00532
1.00532
1.00533
1.00533
1.00533
1.00533
1.00534
1.00534
1.00536
1.00536
1.00536
1.00536
1.00538
1.00538
1.00538
1.00539
1.00539
1.00539
1.00539
1.0054
1.0054
1.00541
1.00541
1.00541
1.00542
1.00542
1.00542
1.00542
1.00543
1.00543
1.00544
1.00544
1.00544
1.00544
1.00544
1.00546
1.00547
1.00547
1.00547
1.00547
1.00547
1.00548
1.00549
1.00549
1.00551
1.00552
1.00552
1.00552
1.00553
1.00553
1.00554
1.00554
1.00555
1.00555
1.00555
1.00556
1.00556
1.00556
1.00556
1.00557
1.00557
1.00557
1.00557
1.00558
1.00558
1.00558
1.00559
1.0056
1.00561
1.00561
1.00561
1.00561
1.00562
1.00562
1.00562
1.00563
1.00563
1.00564
1.00564
1.00565
1.00565
1.00566
1.00566
1.00566
1.00567
1.00567
1.00568
1.00568
1.00568
1.00569
1.00569
1.00569
1.00571
1.00571
1.00571
1.00571
1.00571
1.00572
1.00572
1.00573
1.00573
1.00574
1.00575
1.00576
1.00576
1.00576
1.00576
1.00577
1.00578
1.00578
1.00579
1.00579
1.00579
1.0058
1.0058
1.0058
1.0058
1.00581
1.00581
1.00581
1.00582
1.00583
1.00584
1.00584
1.00584
1.00586
1.00586
1.00586
1.00587
1.00588
1.00588
1.00589
1.0059
1.0059
1.0059
1.0059
1.0059
1.00592
1.00593
1.00593
1.00593
1.00594
1.00595
1.00595
1.00596
1.00596
1.00596
1.00596
1.00596
1.00597
1.00598
1.00598
1.00599
1.00602
1.00602
1.00602
1.00602
1.00603
1.00603
1.00603
1.00603
1.00604
1.00604
1.00604
1.00604
1.00605
1.00606
1.00607
1.00608
1.00608
1.00609
1.00609
1.0061
1.0061
1.00611
1.00611
1.00612
1.00612
1.00612
1.00612
1.00612
1.00612
1.00613
1.00613
1.00614
1.00614
1.00615
1.00616
1.00616
1.00617
1.00617
1.00617
1.00618
1.00619
1.00619
1.00619
1.00619
1.0062
1.0062
1.0062
1.00621
1.00621
1.00622
1.00622
1.00622
1.00622
1.00623
1.00623
1.00623
1.00624
1.00624
1.00624
1.00624
1.00624
1.00624
1.00624
1.00625
1.00625
1.00625
1.00626
1.00626
1.00626
1.00626
1.00626
1.00627
1.00628
1.00628
1.00629
1.00631
1.00631
1.00631
1.00632
1.00632
1.00632
1.00633
1.00633
1.00634
1.00634
1.00635
1.00635
1.00636
1.00636
1.00636
1.00636
1.00637
1.00637
1.00637
1.00637
1.00638
1.00639
1.00639
1.00639
1.00639
1.0064
1.0064
1.0064
1.00641
1.00642
1.00642
1.00643
1.00644
1.00644
1.00644
1.00645
1.00645
1.00646
1.00646
1.00646
1.00646
1.00646
1.00646
1.00647
1.00647
1.00648
1.00649
1.0065
1.00651
1.00651
1.00652
1.00652
1.00652
1.00652
1.00653
1.00654
1.00654
1.00656
1.00657
1.00657
1.00657
1.00657
1.00658
1.00659
1.00659
1.00659
1.0066
1.0066
1.0066
1.0066
1.00661
1.00661
1.00662
1.00662
1.00663
1.00664
1.00665
1.00665
1.00665
1.00666
1.00666
1.00667
1.00667
1.00667
1.00668
1.00668
1.00668
1.00669
1.00669
1.00669
1.0067
1.0067
1.0067
1.00671
1.00672
1.00672
1.00673
1.00673
1.00673
1.00673
1.00673
1.00675
1.00676
1.00676
1.00677
1.00677
1.00677
1.00677
1.00677
1.00678
1.0068
1.00681
1.00681
1.00681
1.00682
1.00682
1.00682
1.00682
1.00683
1.00683
1.00684
1.00684
1.00684
1.00685
1.00685
1.00686
1.00686
1.00686
1.00687
1.00687
1.00687
1.00688
1.00688
1.00689
1.00689
1.00689
1.00691
1.00691
1.00691
1.00692
1.00692
1.00692
1.00692
1.00693
1.00695
1.00695
1.00695
1.00695
1.00696
1.00696
1.00697
1.00698
1.00699
1.007
1.00701
1.00702
1.00702
1.00703
1.00704
1.00704
1.00704
1.00704
1.00705
1.00705
1.00705
1.00705
1.00706
1.00708
1.00708
1.00709
1.0071
1.0071
1.0071
1.00712
1.00712
1.00712
1.00713
1.00713
1.00714
1.00715
1.00716
1.00716
1.00716
1.00716
1.00717
1.00717
1.00717
1.00718
1.00718
1.00719
1.0072
1.0072
1.0072
1.00721
1.00723
1.00723
1.00723
1.00723
1.00726
1.00726
1.00726
1.00727
1.00728
1.00728
1.0073
1.0073
1.0073
1.0073
1.00731
1.00732
1.00732
1.00732
1.00733
1.00733
1.00734
1.00735
1.00735
1.00735
1.00735
1.00735
1.00736
1.00736
1.00736
1.00737
1.00738
1.00739
1.00739
1.00739
1.00739
1.0074
1.0074
1.0074
1.00741
1.00741
1.00741
1.00743
1.00743
1.00745
1.00746
1.00747
1.00747
1.00747
1.00747
1.00748
1.00749
1.00749
1.00749
1.0075
1.0075
1.0075
1.0075
1.00752
1.00752
1.00752
1.00753
1.00753
1.00754
1.00754
1.00755
1.00755
1.00755
1.00755
1.00755
1.00756
1.00756
1.00756
1.00757
1.00758
1.00759
1.00761
1.00761
1.00761
1.00761
1.00762
1.00762
1.00763
1.00763
1.00765
1.00765
1.00765
1.00765
1.00766
1.00767
1.00767
1.00767
1.00768
1.00768
1.00769
1.00769
1.0077
1.0077
1.0077
1.0077
1.0077
1.00772
1.00772
1.00772
1.00773
1.00773
1.00773
1.00773
1.00774
1.00774
1.00774
1.00774
1.00774
1.00774
1.00775
1.00775
1.00776
1.00776
1.00776
1.00777
1.00777
1.00777
1.00778
1.00778
1.00778
1.00778
1.00779
1.0078
1.0078
1.00781
1.00781
1.00781
1.00782
1.00783
1.00784
1.00784
1.00785
1.00786
1.00786
1.00786
1.00787
1.00787
1.00788
1.00788
1.00789
1.0079
1.0079
1.00791
1.00792
1.00793
1.00794
1.00794
1.00796
1.00796
1.00797
1.00797
1.00797
1.00797
1.00797
1.00798
1.00798
1.00799
1.00799
1.00799
1.008
1.00801
1.00801
1.00801
1.00802
1.00802
1.00802
1.00802
1.00802
1.00802
1.00802
1.00803
1.00804
1.00804
1.00804
1.00804
1.00804
1.00805
1.00805
1.00805
1.00806
1.00807
1.00807
1.00808
1.00808
1.00808
1.00809
1.00809
1.00809
1.00809
1.0081
1.00812
1.00813
1.00814
1.00815
1.00815
1.00815
1.00815
1.00816
1.00818
1.00818
1.00818
1.00819
1.0082
1.0082
1.0082
1.00821
1.00822
1.00822
1.00822
1.00823
1.00824
1.00824
1.00825
1.00826
1.00827
1.00827
1.00827
1.0083
1.00831
1.00831
1.00831
1.00832
1.00834
1.00834
1.00834
1.00834
1.00835
1.00835
1.00836
1.00838
1.00838
1.00839
1.0084
1.0084
1.00841
1.00841
1.00841
1.00842
1.00842
1.00843
1.00844
1.00844
1.00844
1.00844
1.00845
1.00846
1.00846
1.00846
1.00847
1.00847
1.00849
1.0085
1.0085
1.00851
1.00851
1.00852
1.00853
1.00853
1.00853
1.00854
1.00854
1.00855
1.00856
1.00857
1.00857
1.00858
1.00858
1.00859
1.0086
1.0086
1.00861
1.00862
1.00862
1.00862
1.00863
1.00863
1.00863
1.00863
1.00864
1.00864
1.00865
1.00865
1.00867
1.00867
1.00867
1.00868
1.00869
1.00869
1.0087
1.0087
1.00871
1.00872
1.00873
1.00873
1.00873
1.00873
1.00873
1.00874
1.00874
1.00874
1.00875
1.00875
1.00875
1.00876
1.00876
1.00876
1.00876
1.00876
1.00877
1.00877
1.00877
1.00877
1.00878
1.00878
1.00879
1.00879
1.0088
1.0088
1.00882
1.00882
1.00882
1.00883
1.00883
1.00883
1.00883
1.00884
1.00884
1.00884
1.00885
1.00885
1.00887
1.00889
1.00889
1.0089
1.00891
1.00891
1.00891
1.00891
1.00891
1.00892
1.00892
1.00892
1.00893
1.00894
1.00895
1.00895
1.00895
1.00895
1.00896
1.00897
1.00897
1.00898
1.00898
1.00898
1.00898
1.00898
1.00899
1.00899
1.00899
1.00899
1.009
1.009
1.00904
1.00904
1.00904
1.00904
1.00904
1.00905
1.00905
1.00905
1.00907
1.00908
1.0091
1.00911
1.00911
1.00911
1.00912
1.00912
1.00912
1.00912
1.00913
1.00914
1.00914
1.00914
1.00914
1.00915
1.00915
1.00915
1.00917
1.00917
1.00919
1.00919
1.00919
1.0092
1.0092
1.00921
1.00921
1.00922
1.00922
1.00922
1.00922
1.00923
1.00923
1.00923
1.00924
1.00925
1.00925
1.00927
1.00927
1.00927
1.00927
1.00928
1.00929
1.00931
1.00932
1.00933
1.00933
1.00935
1.00935
1.00936
1.00936
1.00937
1.00937
1.00937
1.00937
1.00938
1.00939
1.00939
1.0094
1.0094
1.00941
1.00941
1.00941
1.00941
1.00942
1.00942
1.00942
1.00943
1.00943
1.00943
1.00944
1.00944
1.00944
1.00945
1.00946
1.00946
1.00947
1.00947
1.00948
1.00949
1.0095
1.00952
1.00953
1.00954
1.00955
1.00956
1.00956
1.00956
1.00957
1.00958
1.00959
1.00959
1.0096
1.0096
1.0096
1.0096
1.00961
1.00961
1.00961
1.00962
1.00963
1.00964
1.00964
1.00964
1.00964
1.00965
1.00966
1.00966
1.00966
1.00966
1.00967
1.00967
1.00968
1.00969
1.0097
1.0097
1.0097
1.00971
1.00972
1.00972
1.00972
1.00973
1.00974
1.00975
1.00976
1.00976
1.00976
1.00976
1.00977
1.00977
1.00977
1.00978
1.00981
1.00982
1.00983
1.00983
1.00983
1.00984
1.00986
1.00986
1.00986
1.00986
1.00987
1.00987
1.00987
1.00988
1.00988
1.00988
1.00989
1.00989
1.00991
1.00992
1.00992
1.00992
1.00992
1.00992
1.00992
1.00995
1.00995
1.00995
1.00996
1.00996
1.00999
1.00999
1.00999
1.01
1.01
1.01
1.01001
1.01002
1.01002
1.01003
1.01003
1.01003
1.01003
1.01004
1.01004
1.01004
1.01004
1.01004
1.01004
1.01005
1.01005
1.01005
1.01007
1.01007
1.01007
1.01007
1.01009
1.01009
1.0101
1.0101
1.0101
1.0101
1.01011
1.01011
1.01012
1.01012
1.01013
1.01015
1.01015
1.01015
1.01015
1.01015
1.01016
1.01016
1.01016
1.01017
1.01017
1.01017
1.01018
1.01022
1.01022
1.01023
1.01024
1.01024
1.01024
1.01024
1.01025
1.01025
1.01026
1.01026
1.01027
1.01028
1.01029
1.01029
1.01029
1.01029
1.01031
1.01031
1.01031
1.01031
1.01032
1.01032
1.01032
1.01032
1.01032
1.01032
1.01033
1.01033
1.01034
1.01034
1.01034
1.01034
1.01034
1.01036
1.01036
1.01036
1.01036
1.01036
1.01037
1.01037
1.01039
1.01039
1.01039
1.01039
1.01039
1.0104
1.0104
1.01042
1.01042
1.01043
1.01043
1.01043
1.01045
1.01046
1.01046
1.01047
1.01048
1.01049
1.01049
1.0105
1.0105
1.01051
1.01051
1.01052
1.01052
1.01052
1.01053
1.01053
1.01053
1.01054
1.01054
1.01055
1.01055
1.01055
1.01056
1.01056
1.01057
1.01057
1.01058
1.0106
1.0106
1.01061
1.01062
1.01062
1.01062
1.01062
1.01063
1.01064
1.01064
1.01064
1.01064
1.01065
1.01065
1.01066
1.01066
1.01066
1.01066
1.01068
1.01068
1.0107
1.0107
1.01071
1.01072
1.01073
1.01073
1.01074
1.01074
1.01075
1.01075
1.01075
1.01076
1.01076
1.01076
1.01077
1.01077
1.01077
1.01078
1.01078
1.01078
1.01079
1.01079
1.01079
1.01079
1.0108
1.0108
1.01082
1.01082
1.01084
1.01085
1.01085
1.01086
1.01086
1.01087
1.01088
1.01089
1.01089
1.0109
1.0109
1.0109
1.01091
1.01091
1.01092
1.01093
1.01093
1.01096
1.01097
1.01097
1.01097
1.01098
1.01099
1.01099
1.01099
1.011
1.011
1.011
1.011
1.01101
1.01102
1.01102
1.01103
1.01103
1.01104
1.01104
1.01104
1.01105
1.01106
1.01106
1.01107
1.01108
1.01109
1.01109
1.0111
1.0111
1.01111
1.01111
1.01111
1.01112
1.01112
1.01112
1.01114
1.01115
1.01116
1.01116
1.01116
1.01117
1.01117
1.01117
1.01117
1.01118
1.01119
1.01119
1.01119
1.01119
1.0112
1.01121
1.01121
1.01122
1.01122
1.01123
1.01123
1.01123
1.01123
1.01123
1.01123
1.01124
1.01124
1.01125
1.01126
1.01126
1.01126
1.01129
1.01129
1.01129
1.01129
1.0113
1.0113
1.01131
1.01131
1.01133
1.01134
1.01135
1.01136
1.01136
1.01137
1.01137
1.01137
1.01137
1.01138
1.01139
1.01139
1.01139
1.01139
1.0114
1.0114
1.01141
1.01141
1.01142
1.01142
1.01143
1.01143
1.01144
1.01145
1.01146
1.01149
1.0115
1.0115
1.0115
1.0115
1.01151
1.01151
1.01152
1.01152
1.01152
1.01153
1.01153
1.01153
1.01154
1.01154
1.01154
1.01154
1.01154
1.01155
1.01156
1.01156
1.01157
1.01157
1.01157
1.01157
1.01158
1.01159
1.0116
1.0116
1.0116
1.01163
1.01163
1.01163
1.01163
1.01165
1.01165
1.01167
1.01167
1.01168
1.01168
1.01168
1.01169
1.01169
1.01169
1.0117
1.0117
1.0117
1.01171
1.01171
1.01172
1.01173
1.01174
1.01177
1.01177
1.01177
1.01179
1.01179
1.0118
1.01181
1.01181
1.01181
1.01181
1.01182
1.01182
1.01182
1.01182
1.01183
1.01183
1.01183
1.01184
1.01184
1.01185
1.01185
1.01185
1.01185
1.01185
1.01187
1.01188
1.01189
1.01189
1.01189
1.01191
1.01191
1.01192
1.01192
1.01195
1.01196
1.012
1.01201
1.01201
1.01201
1.01202
1.01202
1.01203
1.01203
1.01204
1.01205
1.01205
1.01205
1.01206
1.01206
1.01206
1.01206
1.01206
1.01206
1.01207
1.01208
1.01209
1.01209
1.01209
1.0121
1.01211
1.01212
1.01212
1.01212
1.01213
1.01213
1.01214
1.01215
1.01215
1.01216
1.01217
1.01217
1.01217
1.01217
1.01219
1.01219
1.01219
1.01219
1.0122
1.01221
1.01221
1.01222
1.01222
1.01222
1.01223
1.01223
1.01224
1.01224
1.01224
1.01225
1.01225
1.01225
1.01226
1.01227
1.01228
1.01229
1.01229
1.01229
1.0123
1.01231
1.01232
1.01233
1.01234
1.01235
1.01235
1.01236
1.01236
1.01237
1.01239
1.01239
1.01239
1.0124
1.0124
1.01242
1.01243
1.01244
1.01244
1.01244
1.01244
1.01246
1.01246
1.01247
1.01247
1.01248
1.01248
1.01249
1.01249
1.0125
1.0125
1.0125
1.01251
1.01252
1.01252
1.01252
1.01253
1.01253
1.01254
1.01254
1.01254
1.01254
1.01254
1.01255
1.01255
1.01255
1.01256
1.01258
1.01258
1.01259
1.0126
1.01261
1.01261
1.01261
1.01261
1.01262
1.01262
1.01264
1.01265
1.01265
1.01266
1.01266
1.01266
1.01267
1.01267
1.01268
1.01269
1.01269
1.01269
1.0127
1.0127
1.0127
1.01271
1.01272
1.01272
1.01273
1.01274
1.01274
1.01276
1.01276
1.01277
1.01277
1.01278
1.01278
1.01279
1.0128
1.0128
1.01281
1.01282
1.01282
1.01283
1.01284
1.01284
1.01284
1.01284
1.01285
1.01286
1.01287
1.01287
1.01287
1.01287
1.01288
1.01289
1.0129
1.0129
1.0129
1.0129
1.01291
1.01291
1.01292
1.01292
1.01293
1.01293
1.01293
1.01294
1.01295
1.01295
1.01295
1.01296
1.01297
1.01298
1.013
1.013
1.013
1.01302
1.01303
1.01303
1.01303
1.01303
1.01303
1.01303
1.01303
1.01304
1.01304
1.01306
1.01306
1.01306
1.01307
1.01307
1.01308
1.01309
1.01309
1.01309
1.0131
1.0131
1.01311
1.01311
1.01311
1.01312
1.01312
1.01313
1.01313
1.01313
1.01314
1.01314
1.01315
1.01315
1.01316
1.01317
1.01318
1.01319
1.0132
1.0132
1.01321
1.01322
1.01324
1.01324
1.01324
1.01324
1.01325
1.01326
1.01327
1.01327
1.01328
1.01328
1.01328
1.01329
1.0133
1.01331
1.01331
1.01331
1.01332
1.01333
1.01333
1.01334
1.01334
1.01335
1.01335
1.01336
1.01337
1.01338
1.01338
1.01338
1.01339
1.0134
1.0134
1.0134
1.01341
1.01341
1.01341
1.01342
1.01342
1.01343
1.01343
1.01346
1.01346
1.01346
1.01346
1.01347
1.01349
1.01349
1.01349
1.0135
1.01351
1.01351
1.01352
1.01352
1.01352
1.01353
1.01354
1.01355
1.01355
1.01355
1.01356
1.01356
1.01357
1.01358
1.01359
1.0136
1.0136
1.01361
1.01361
1.01362
1.01362
1.01363
1.01364
1.01364
1.01365
1.01365
1.01366
1.01367
1.01369
1.0137
1.0137
1.0137
1.01371
1.01371
1.01371
1.01371
1.01374
1.01374
1.01376
1.01376
1.01378
1.01378
1.01378
1.01379
1.01379
1.0138
1.01381
1.01381
1.01382
1.01382
1.01382
1.01384
1.01384
1.01385
1.01386
1.01386
1.01386
1.01387
1.01389
1.01389
1.01389
1.0139
1.01391
1.01391
1.01392
1.01394
1.01395
1.01395
1.01395
1.01397
1.01398
1.01399
1.014
1.014
1.014
1.014
1.01401
1.01401
1.01402
1.01403
1.01403
1.01405
1.01406
1.01407
1.01407
1.01408
1.0141
1.01412
1.01413
1.01413
1.01413
1.01413
1.01415
1.01415
1.01416
1.01416
1.01417
1.01418
1.01418
1.01419
1.0142
1.01422
1.01425
1.01426
1.01426
1.01426
1.01426
1.01427
1.01427
1.01427
1.01428
1.01428
1.01429
1.01429
1.0143
1.01431
1.01432
1.01433
1.01433
1.01433
1.01434
1.01434
1.01435
1.01436
1.01436
1.01437
1.01437
1.01437
1.01438
1.01438
1.01438
1.01439
1.01439
1.01439
1.01442
1.01444
1.01445
1.01445
1.01446
1.01449
1.0145
1.0145
1.0145
1.01452
1.01452
1.01456
1.01458
1.01458
1.01458
1.01459
1.01459
1.01461
1.01464
1.01464
1.01465
1.01466
1.01468
1.01468
1.01468
1.01469
1.01469
1.0147
1.0147
1.01471
1.01471
1.01472
1.01473
1.01474
1.01475
1.01475
1.01475
1.01477
1.01477
1.01478
1.01479
1.01479
1.0148
1.01482
1.01482
1.01482
1.01484
1.01485
1.01485
1.01485
1.01486
1.01488
1.01488
1.01488
1.01489
1.01491
1.01491
1.01491
1.01492
1.01492
1.01492
1.01493
1.01493
1.01493
1.01494
1.01494
1.01494
1.01496
1.01496
1.01497
1.01497
1.01498
1.01498
1.015
1.015
1.01501
1.01501
1.01503
1.01503
1.01504
1.01504
1.01505
1.01505
1.01506
1.01506
1.01506
1.01509
1.0151
1.01512
1.01514
1.01514
1.01514
1.01514
1.01515
1.01516
1.01516
1.01516
1.01518
1.01519
1.01519
1.01519
1.0152
1.0152
1.0152
1.01521
1.01522
1.01522
1.01523
1.01524
1.01524
1.01524
1.01524
1.01525
1.01526
1.01528
1.01528
1.01529
1.01529
1.01529
1.01529
1.0153
1.0153
1.01531
1.01531
1.01531
1.01531
1.01531
1.01532
1.01532
1.01533
1.01534
1.01535
1.01536
1.01536
1.01537
1.01538
1.01538
1.01539
1.01541
1.01541
1.01541
1.01542
1.01542
1.01543
1.01543
1.01544
1.01545
1.01547
1.01548
1.01549
1.01551
1.01552
1.01553
1.01554
1.01555
1.01556
1.01556
1.01556
1.01557
1.01557
1.01558
1.01559
1.01559
1.0156
1.01562
1.01562
1.01563
1.01563
1.01563
1.01564
1.01565
1.01567
1.01568
1.01568
1.0157
1.01573
1.01574
1.01575
1.01575
1.01576
1.01577
1.01577
1.01577
1.01577
1.01578
1.01578
1.01578
1.01579
1.01579
1.01582
1.01583
1.01585
1.01585
1.01585
1.01586
1.01588
1.01589
1.01589
1.01589
1.0159
1.01594
1.01594
1.01596
1.01596
1.01597
1.01598
1.01598
1.01598
1.01599
1.01599
1.01599
1.01601
1.01602
1.01602
1.01603
1.01603
1.01603
1.01604
1.01604
1.01605
1.01605
1.01606
1.01606
1.01607
1.01607
1.01608
1.01608
1.01609
1.01609
1.0161
1.0161
1.01611
1.01611
1.01612
1.01612
1.01613
1.01615
1.01615
1.01615
1.01616
1.01617
1.01617
1.01618
1.01618
1.01618
1.01618
1.01619
1.01619
1.01619
1.0162
1.0162
1.01621
1.01621
1.01621
1.01622
1.01622
1.01622
1.01623
1.01623
1.01623
1.01623
1.01623
1.01625
1.01625
1.01625
1.01626
1.01627
1.01627
1.01628
1.01629
1.01629
1.01629
1.0163
1.0163
1.0163
1.01631
1.01632
1.01632
1.01633
1.01633
1.01634
1.01634
1.01635
1.01636
1.01637
1.01639
1.01639
1.0164
1.0164
1.0164
1.0164
1.0164
1.01642
1.01643
1.01643
1.01644
1.01644
1.01645
1.01645
1.01647
1.01647
1.01647
1.01648
1.01648
1.01648
1.01649
1.01649
1.0165
1.01651
1.01652
1.01652
1.01653
1.01656
1.01656
1.01657
1.01658
1.01658
1.01658
1.01658
1.01658
1.01659
1.01659
1.0166
1.0166
1.0166
1.01662
1.01664
1.01665
1.01666
1.01667
1.01667
1.01668
1.01669
1.01669
1.01669
1.01669
1.0167
1.01671
1.01671
1.01673
1.01674
1.01674
1.01675
1.01675
1.01675
1.01675
1.01675
1.01675
1.01676
1.01676
1.01678
1.01679
1.01679
1.01679
1.0168
1.01681
1.01681
1.01681
1.01683
1.01683
1.01683
1.01685
1.01685
1.01685
1.01685
1.01686
1.01687
1.01687
1.01688
1.01688
1.0169
1.0169
1.01691
1.01693
1.01694
1.01696
1.01696
1.01697
1.01697
1.01699
1.01699
1.01699
1.017
1.017
1.01701
1.01703
1.01703
1.01705
1.01705
1.01705
1.01705
1.01707
1.01707
1.01708
1.01709
1.01709
1.01709
1.01709
1.0171
1.01712
1.01713
1.01715
1.01715
1.01716
1.01718
1.01719
1.01721
1.01723
1.01723
1.01723
1.01724
1.01724
1.01725
1.01725
1.01725
1.01725
1.01726
1.01728
1.01729
1.01731
1.01731
1.01731
1.01732
1.01732
1.01733
1.01733
1.01734
1.01735
1.01736
1.01736
1.01736
1.01737
1.01737
1.01738
1.01739
1.01739
1.01739
1.0174
1.0174
1.0174
1.01742
1.01743
1.01744
1.01744
1.01745
1.01745
1.01746
1.01746
1.01746
1.01748
1.01749
1.01749
1.0175
1.0175
1.01751
1.01751
1.01751
1.01753
1.01754
1.01756
1.01757
1.01757
1.01758
1.01759
1.01759
1.01759
1.01762
1.01762
1.01763
1.01764
1.01765
1.01766
1.01767
1.01768
1.01769
1.0177
1.0177
1.0177
1.01771
1.01771
1.01771
1.01772
1.01772
1.01772
1.01772
1.01773
1.01774
1.01774
1.01776
1.01776
1.01777
1.01778
1.01778
1.01783
1.01784
1.01784
1.01784
1.01784
1.01785
1.01785
1.01785
1.01786
1.01787
1.01788
1.01788
1.01788
1.0179
1.0179
1.01791
1.01792
1.01793
1.01793
1.01794
1.01794
1.01796
1.01798
1.018
1.018
1.018
1.01801
1.01801
1.01801
1.01801
1.01801
1.01802
1.01802
1.01802
1.01803
1.01803
1.01804
1.01804
1.01805
1.01805
1.01807
1.01807
1.0181
1.01811
1.01811
1.01812
1.01812
1.01812
1.01812
1.01813
1.01813
1.01814
1.01815
1.01816
1.01818
1.01818
1.01818
1.01819
1.0182
1.0182
1.01821
1.01821
1.01821
1.01823
1.01824
1.01825
1.01826
1.01826
1.01827
1.0183
1.0183
1.0183
1.0183
1.01831
1.01831
1.01832
1.01832
1.01832
1.01833
1.01833
1.01833
1.01835
1.01836
1.01838
1.0184
1.0184
1.01841
1.01842
1.01843
1.01844
1.01844
1.01845
1.01846
1.01846
1.01846
1.01847
1.01847
1.01848
1.01849
1.01853
1.01853
1.01853
1.01854
1.01855
1.01857
1.01857
1.01858
1.0186
1.0186
1.01862
1.01862
1.01863
1.01863
1.01864
1.01864
1.01864
1.01865
1.01866
1.01869
1.01869
1.01869
1.0187
1.0187
1.0187
1.01871
1.01872
1.01875
1.01875
1.01876
1.01877
1.01877
1.01877
1.01878
1.01878
1.01879
1.01879
1.01879
1.01879
1.01879
1.01879
1.0188
1.0188
1.0188
1.0188
1.01881
1.01881
1.01882
1.01882
1.01883
1.01883
1.01883
1.01884
1.01885
1.01885
1.01886
1.01887
1.01887
1.01888
1.01889
1.0189
1.01891
1.01892
1.01892
1.01893
1.01894
1.01895
1.01896
1.01898
1.01898
1.01898
1.01898
1.01899
1.01899
1.01899
1.01903
1.01905
1.01906
1.01906
1.01907
1.01907
1.01907
1.01908
1.0191
1.0191
1.01911
1.01912
1.01914
1.01915
1.01915
1.01915
1.01916
1.01917
1.01917
1.01921
1.01921
1.01921
1.01922
1.01922
1.01922
1.01924
1.01924
1.01924
1.01925
1.01925
1.01926
1.01926
1.01926
1.01927
1.01927
1.01927
1.01929
1.0193
1.01933
1.01933
1.01934
1.01935
1.01936
1.01937
1.01937
1.01937
1.01941
1.01944
1.01944
1.01946
1.01947
1.01948
1.0195
1.01951
1.01951
1.01952
1.01952
1.01952
1.01953
1.01953
1.01955
1.01955
1.01956
1.01957
1.01957
1.01958
1.01958
1.01959
1.01959
1.01959
1.0196
1.01961
1.01962
1.01963
1.01963
1.01963
1.01964
1.01964
1.01964
1.01965
1.01966
1.01966
1.01967
1.01967
1.01968
1.01969
1.0197
1.0197
1.0197
1.01971
1.01972
1.01972
1.01974
1.01974
1.01978
1.01979
1.0198
1.01981
1.01982
1.01982
1.01984
1.01984
1.01984
1.01985
1.01986
1.01987
1.01987
1.01988
1.01988
1.01989
1.01989
1.0199
1.0199
1.0199
1.01991
1.01992
1.01993
1.01994
1.01994
1.01995
1.01995
1.01996
1.01996
1.01996
1.01998
1.01998
1.01999
1.01999
1.02
1.02002
1.02003
1.02004
1.02004
1.02005
1.02005
1.02006
1.02006
1.02007
1.02009
1.02009
1.0201
1.02011
1.02011
1.02012
1.02012
1.02013
1.02013
1.02015
1.02015
1.02017
1.02018
1.02018
1.02019
1.02022
1.02023
1.02023
1.02024
1.02024
1.02026
1.02026
1.02027
1.02027
1.02029
1.0203
1.02032
1.02032
1.02032
1.02034
1.02037
1.02037
1.02038
1.02039
1.02041
1.02041
1.02041
1.02041
1.02042
1.02043
1.02044
1.02048
1.0205
1.0205
1.02051
1.02052
1.02054
1.02055
1.02056
1.02056
1.02058
1.02059
1.02059
1.0206
1.0206
1.02062
1.02062
1.02063
1.02063
1.02064
1.02066
1.02066
1.02066
1.02067
1.02068
1.02071
1.02071
1.02071
1.02072
1.02073
1.02076
1.02079
1.0208
1.0208
1.02082
1.02082
1.02083
1.02084
1.02084
1.02086
1.02088
1.02088
1.02089
1.02089
1.0209
1.0209
1.02091
1.02091
1.02091
1.02095
1.02096
1.02096
1.02096
1.02099
1.02099
1.021
1.02101
1.02102
1.02103
1.02103
1.02104
1.02106
1.02106
1.02107
1.0211
1.0211
1.02111
1.02111
1.02113
1.02113
1.02117
1.02117
1.02119
1.0212
1.02121
1.02121
1.02122
1.02123
1.02123
1.02124
1.02127
1.02127
1.02128
1.02128
1.02129
1.02129
1.0213
1.02131
1.02132
1.02132
1.02132
1.02133
1.02133
1.02134
1.02134
1.02135
1.02137
1.02137
1.02138
1.02139
1.02141
1.02142
1.02142
1.02145
1.02145
1.02146
1.02147
1.02147
1.02147
1.02148
1.02148
1.02149
1.02149
1.0215
1.0215
1.02151
1.02152
1.02158
1.02158
1.02158
1.02158
1.02159
1.0216
1.02162
1.02163
1.02164
1.02165
1.02165
1.02166
1.02167
1.02168
1.02169
1.0217
1.02171
1.02171
1.02172
1.02173
1.02173
1.02174
1.02176
1.02177
1.02178
1.02178
1.02178
1.02179
1.0218
1.02181
1.02183
1.02184
1.02185
1.02185
1.02186
1.02187
1.02187
1.02187
1.02189
1.02191
1.02191
1.02192
1.02192
1.02192
1.02193
1.02194
1.02195
1.02196
1.02196
1.02197
1.02197
1.02197
1.022
1.02201
1.02201
1.02201
1.02201
1.02204
1.02208
1.02208
1.02209
1.0221
1.02211
1.02212
1.02212
1.02212
1.02212
1.02213
1.02215
1.02219
1.02219
1.0222
1.0222
1.0222
1.0222
1.02221
1.02221
1.02222
1.02223
1.02224
1.02225
1.02225
1.02226
1.02226
1.02227
1.02227
1.02228
1.02228
1.02229
1.0223
1.0223
1.02231
1.02231
1.02235
1.02237
1.02239
1.02242
1.02242
1.02244
1.02247
1.02247
1.02248
1.0225
1.02251
1.02251
1.02253
1.02253
1.02254
1.02255
1.02256
1.02257
1.02258
1.02259
1.02261
1.02261
1.02262
1.02262
1.02262
1.02262
1.02263
1.02263
1.02264
1.02265
1.02265
1.02266
1.02266
1.02267
1.02269
1.02269
1.0227
1.02271
1.02272
1.02274
1.02275
1.02275
1.02275
1.02276
1.02277
1.02278
1.02278
1.0228
1.02283
1.02284
1.02288
1.02289
1.0229
1.0229
1.02293
1.02294
1.02295
1.02296
1.02296
1.02297
1.02297
1.02298
1.023
1.023
1.02301
1.02302
1.02302
1.02303
1.02303
1.02304
1.02304
1.02304
1.02305
1.02307
1.02308
1.02309
1.0231
1.02311
1.02312
1.02313
1.02313
1.02316
1.02317
1.02318
1.02318
1.02318
1.02319
1.0232
1.02322
1.02323
1.02323
1.02325
1.02327
1.02327
1.02327
1.02327
1.02327
1.02328
1.02328
1.0233
1.0233
1.02336
1.02339
1.02339
1.0234
1.02341
1.02341
1.02343
1.02343
1.02343
1.02344
1.02344
1.02344
1.02344
1.02346
1.02346
1.02347
1.02347
1.02347
1.02349
1.0235
1.02351
1.02351
1.02352
1.02352
1.02352
1.02353
1.02353
1.02354
1.02354
1.02355
1.02357
1.02359
1.02359
1.0236
1.0236
1.02361
1.02362
1.02363
1.02363
1.02364
1.02364
1.02365
1.02365
1.02365
1.02368
1.02369
1.02371
1.02371
1.02373
1.02373
1.02373
1.02373
1.02374
1.02377
1.02381
1.02382
1.02382
1.02383
1.02384
1.02385
1.02385
1.02385
1.02386
1.02387
1.02388
1.02389
1.02391
1.02392
1.02392
1.02393
1.02395
1.02397
1.02398
1.02398
1.02399
1.024
1.02401
1.02403
1.02403
1.02404
1.02405
1.02407
1.02407
1.02407
1.02409
1.0241
1.0241
1.0241
1.02412
1.02413
1.02413
1.02416
1.0242
1.02422
1.02423
1.02424
1.02424
1.02425
1.02426
1.02429
1.02429
1.02429
1.0243
1.0243
1.02432
1.02433
1.02433
1.02437
1.02438
1.0244
1.02442
1.02442
1.02443
1.02444
1.02444
1.02446
1.02447
1.02452
1.02452
1.02454
1.02454
1.02456
1.02457
1.02459
1.02459
1.02459
1.0246
1.0246
1.02463
1.02463
1.02464
1.02466
1.02467
1.02467
1.02467
1.02468
1.02468
1.02468
1.02469
1.0247
1.0247
1.02472
1.02473
1.02476
1.02477
1.02478
1.02478
1.02479
1.0248
1.02481
1.02481
1.02483
1.02484
1.02484
1.02486
1.02488
1.0249
1.02492
1.02494
1.02497
1.02497
1.02499
1.025
1.025
1.02501
1.02504
1.02504
1.02504
1.02506
1.02507
1.02507
1.02508
1.02509
1.0251
1.0251
1.02511
1.02513
1.02513
1.02515
1.02517
1.02519
1.0252
1.02521
1.02521
1.02522
1.02522
1.02522
1.02523
1.02524
1.02524
1.02524
1.02525
1.02525
1.02526
1.02527
1.02528
1.02529
1.02529
1.02529
1.0253
1.0253
1.02531
1.02531
1.02531
1.02532
1.02532
1.02533
1.02534
1.02534
1.02535
1.02536
1.02538
1.0254
1.02541
1.02542
1.02544
1.02546
1.02548
1.02549
1.02549
1.02549
1.0255
1.02551
1.02552
1.02553
1.02553
1.02554
1.02554
1.02559
1.02559
1.0256
1.02563
1.02564
1.02569
1.02569
1.0257
1.0257
1.0257
1.02574
1.02577
1.02578
1.0258
1.02582
1.02584
1.02586
1.02589
1.02589
1.02593
1.02593
1.02593
1.02594
1.02594
1.02595
1.02597
1.02598
1.02599
1.02603
1.02604
1.02604
1.02605
1.02607
1.02608
1.02608
1.02608
1.02609
1.0261
1.02613
1.02614
1.02614
1.02616
1.02616
1.02619
1.0262
1.02621
1.02622
1.02623
1.02624
1.02624
1.02625
1.02625
1.02628
1.02629
1.02631
1.02632
1.02633
1.02633
1.02634
1.02634
1.02637
1.02637
1.02637
1.02639
1.02642
1.02642
1.02644
1.02645
1.02646
1.02648
1.0265
1.02652
1.02653
1.02655
1.02656
1.02656
1.02657
1.02659
1.02661
1.02662
1.02662
1.02662
1.02663
1.02664
1.02665
1.02668
1.02671
1.02673
1.02675
1.02676
1.02678
1.0268
1.02681
1.02682
1.02683
1.02685
1.02687
1.02689
1.02692
1.02695
1.02701
1.02704
1.02707
1.02709
1.02712
1.02713
1.02715
1.02715
1.02721
1.02721
1.02722
1.02725
1.02726
1.02727
1.02729
1.02731
1.02731
1.02732
1.02733
1.02739
1.0274
1.02743
1.02744
1.02744
1.02744
1.02745
1.02746
1.02746
1.02749
1.02749
1.02751
1.02751
1.02752
1.02752
1.02753
1.02754
1.02755
1.02757
1.02757
1.02761
1.02765
1.02766
1.02768
1.02768
1.02773
1.02775
1.02777
1.02777
1.02781
1.02781
1.02785
1.02786
1.02787
1.02789
1.02791
1.02791
1.02793
1.02793
1.02793
1.02795
1.02795
1.02795
1.02796
1.02797
1.02798
1.02799
1.02799
1.02799
1.028
1.028
1.02804
1.02804
1.0281
1.02811
1.02816
1.02817
1.02819
1.02821
1.02822
1.02823
1.02824
1.02826
1.02827
1.02828
1.02831
1.02835
1.02835
1.02837
1.02837
1.02837
1.02837
1.02837
1.02838
1.02839
1.0284
1.0284
1.02841
1.02841
1.02842
1.02844
1.02844
1.02845
1.02847
1.0285
1.02852
1.02853
1.02853
1.02855
1.02857
1.0286
1.02862
1.02867
1.02868
1.0287
1.02872
1.02872
1.02873
1.02879
1.02881
1.02882
1.02886
1.02886
1.02888
1.02889
1.02889
1.0289
1.02892
1.02893
1.02895
1.02896
1.02899
1.02902
1.02902
1.02904
1.02905
1.02906
1.02907
1.02911
1.02912
1.02912
1.02918
1.02918
1.02918
1.02918
1.02922
1.02922
1.02925
1.02925
1.02927
1.02927
1.02929
1.02932
1.02934
1.02939
1.02939
1.02939
1.02942
1.02943
1.02948
1.02948
1.0295
1.02951
1.02952
1.02953
1.02953
1.02957
1.02957
1.02959
1.02959
1.02962
1.02963
1.02965
1.02965
1.02967
1.02967
1.02968
1.0297
1.0297
1.02975
1.02977
1.02978
1.02979
1.0298
1.0298
1.02981
1.02982
1.02982
1.02982
1.02983
1.02986
1.0299
1.0299
1.02991
1.02993
1.02993
1.02994
1.03004
1.03006
1.03006
1.03012
1.03014
1.03017
1.03017
1.03019
1.0302
1.03021
1.03023
1.03025
1.03028
1.0303
1.0303
1.03032
1.03037
1.03039
1.0304
1.03043
1.03045
1.03046
1.03047
1.0305
1.03053
1.03053
1.03054
1.03057
1.03068
1.03068
1.03072
1.03074
1.0308
1.03082
1.03082
1.03083
1.03083
1.03083
1.03084
1.0309
1.03095
1.03095
1.03097
1.03101
1.03102
1.03103
1.03106
1.03109
1.03112
1.03115
1.03117
1.0312
1.0312
1.03121
1.03125
1.03127
1.0313
1.03134
1.03134
1.03137
1.03138
1.03142
1.03145
1.03146
1.03146
1.03147
1.03156
1.03161
1.03162
1.03163
1.03164
1.03171
1.03171
1.03175
1.03178
1.03178
1.03179
1.0318
1.03181
1.03184
1.03189
1.0319
1.03194
1.03196
1.03198
1.03201
1.03203
1.03205
1.03209
1.03214
1.03214
1.03217
1.03218
1.03224
1.03224
1.03224
1.03226
1.03226
1.03233
1.03236
1.03238
1.03242
1.03243
1.0325
1.03252
1.0326
1.03262
1.03262
1.03263
1.03263
1.03266
1.03272
1.03274
1.03275
1.03277
1.03279
1.03283
1.03284
1.03285
1.03287
1.03289
1.0329
1.03291
1.03295
1.03296
1.033
1.03302
1.03304
1.03305
1.03306
1.03306
1.03308
1.03308
1.03311
1.03311
1.03312
1.03314
1.03318
1.03321
1.03322
1.03325
1.03325
1.03325
1.03325
1.03331
1.03331
1.03341
1.03343
1.03347
1.03351
1.03353
1.03356
1.03359
1.0336
1.0336
1.03365
1.03369
1.03376
1.03378
1.03378
1.03379
1.03381
1.03382
1.03382
1.03395
1.03396
1.03398
1.03402
1.03404
1.03404
1.03406
1.03409
1.03414
1.03415
1.03417
1.03421
1.03421
1.03422
1.03423
1.03431
1.03433
1.03435
1.03436
1.03436
1.03442
1.03444
1.03446
1.03448
1.03449
1.03451
1.03454
1.03455
1.03459
1.0346
1.03465
1.03467
1.03468
1.03471
1.03477
1.03478
1.03482
1.03482
1.03484
1.03487
1.03489
1.03493
1.03497
1.03499
1.03501
1.03504
1.03506
1.03506
1.03507
1.03508
1.03508
1.03509
1.03511
1.03511
1.03513
1.03514
1.03523
1.03524
1.03528
1.03529
1.03531
1.03532
1.03532
1.03537
1.03541
1.03546
1.0355
1.03551
1.03553
1.03555
1.03555
1.03556
1.03556
1.03558
1.03562
1.03564
1.03567
1.0357
1.03571
1.03581
1.03582
1.03588
1.03596
1.03596
1.03599
1.03616
1.0362
1.0362
1.03621
1.03621
1.03624
1.03624
1.03625
1.03633
1.03633
1.03644
1.03644
1.03646
1.03655
1.03656
1.03659
1.0366
1.03661
1.03661
1.03666
1.0367
1.03672
1.03675
1.03681
1.03682
1.03684
1.03685
1.03688
1.03695
1.037
1.03714
1.03718
1.03719
1.03729
1.03731
1.03749
1.03752
1.03755
1.03757
1.03776
1.03777
1.03779
1.03781
1.03782
1.03791
1.03793
1.03794
1.03801
1.03803
1.03804
1.03806
1.03827
1.0383
1.03834
1.0384
1.03851
1.03851
1.03855
1.03857
1.03858
1.03863
1.03865
1.03867
1.03872
1.03877
1.03895
1.03899
1.03903
1.03903
1.03903
1.03906
1.03907
1.03913
1.03917
1.03921
1.03923
1.03928
1.03929
1.03932
1.03952
1.03956
1.03959
1.03961
1.03963
1.03963
1.03974
1.0398
1.03981
1.03992
1.03993
1.03994
1.04006
1.04007
1.04028
1.04031
1.04039
1.04044
1.04062
1.04076
1.04102
1.04103
1.04142
1.0415
1.04153
1.04154
1.04165
1.04176
1.04184
1.04186
1.0419
1.04199
1.04208
1.04212
1.04215
1.04217
1.04219
1.04223
1.04224
1.04229
1.04231
1.04245
1.04245
1.04246
1.04249
1.04249
1.04274
1.04279
1.04279
1.043
1.04314
1.04318
1.04331
1.04332
1.04341
1.04354
1.04359
1.0437
1.04375
1.04389
1.04415
1.04448
1.04453
1.04468
1.04472
1.04486
1.04491
1.04514
1.04516
1.04539
1.04558
1.04563
1.04585
1.04592
1.04595
1.04618
1.04622
1.04628
1.04659
1.04667
1.04676
1.04723
1.04729
1.04748
1.04749
1.0476
1.04763
1.04778
1.04782
1.04798
1.04901
1.04904
1.04924
1.0493
1.04935
1.04981
1.04997
1.05
1.0502
1.05035
1.0513
1.05205
1.05291
1.05309
1.05343
1.05403
1.05456
1.05469
1.05525
1.05597
1.05611
1.05615
1.05905
1.0595
1.05958
1.06219
1.06306
1.06664
1.06876
