0.903281
0.916279
0.917745
0.918153
0.91928
0.920857
0.921431
0.923197
0.923993
0.924236
0.924337
0.924434
0.924887
0.924928
0.925554
0.927779
0.928269
0.928581
0.928743
0.928849
0.929322
0.929337
0.929587
0.929801
0.930171
0.930694
0.930827
0.930863
0.930867
0.931114
0.931423
0.932546
0.932567
0.932939
0.933082
0.933172
0.933196
0.933267
0.933374
0.933459
0.93382
0.934005
0.93412
0.934144
0.934223
0.934249
0.935144
0.935441
0.93546
0.935465
0.936496
0.936526
0.936531
0.936534
0.936641
0.936712
0.936771
0.936779
0.936795
0.936797
0.936882
0.937011
0.937196
0.93725
0.93745
0.937595
0.9379
0.93796
0.938215
0.938265
0.938353
0.938383
0.938712
0.938744
0.938813
0.938873
0.939066
0.939142
0.939242
0.939292
0.939589
0.939638
0.939646
0.939795
0.939841
0.940395
0.940428
0.940592
0.940626
0.940629
0.940674
0.940693
0.940752
0.940846
0.940924
0.940941
0.940994
0.941093
0.941237
0.94163
0.941631
0.941715
0.941751
0.941797
0.941824
0.941903
0.941973
0.942
0.942012
0.942024
0.942072
0.942114
0.942312
0.942323
0.942365
0.942373
0.942538
0.942587
0.9427
0.942767
0.942808
0.942858
0.942935
0.943008
0.943532
0.943659
0.943708
0.943761
0.943822
0.943943
0.943991
0.944028
0.944117
0.944122
0.944132
0.944171
0.94425
0.94427
0.94427
0.944341
0.944462
0.944554
0.944636
0.944648
0.944669
0.944676
0.944747
0.944769
0.944775
0.944857
0.944881
0.9449
0.944901
0.944931
0.944952
0.945006
0.945073
0.945078
0.945115
0.945205
0.945271
0.945343
0.945357
0.945368
0.945557
0.945618
0.945753
0.945886
0.945911
0.945938
0.945993
0.946018
0.946024
0.94605
0.946111
0.946148
0.946198
0.94623
0.946262
0.946289
0.946362
0.946415
0.946594
0.94669
0.946703
0.946729
0.946829
0.946923
0.946939
0.947076
0.947159
0.947207
0.947257
0.947307
0.947349
0.947369
0.947428
0.947476
0.947489
0.947663
0.947733
0.947807
0.94785
0.94787
0.947912
0.94812
0.948167
0.948185
0.948222
0.948264
0.948275
0.948439
0.948492
0.948591
0.948613
0.948615
0.948648
0.948741
0.948748
0.948931
0.948937
0.948962
0.948971
0.948972
0.949072
0.949085
0.949305
0.9494
0.949444
0.949469
0.949473
0.949475
0.949487
0.949536
0.949589
0.949617
0.949648
0.949766
0.94982
0.949849
0.949969
0.949972
0.949979
0.950166
0.950182
0.950191
0.950205
0.950226
0.950243
0.950251
0.950262
0.950333
0.950389
0.950524
0.950531
0.950553
0.950553
0.950644
0.950683
0.95071
0.950729
0.95073
0.950824
0.950855
0.950948
0.950977
0.951046
0.951047
0.951085
0.951118
0.951118
0.951171
0.951289
0.951303
0.951328
0.95133
0.951332
0.951347
0.95143
0.951447
0.951597
0.951626
0.951655
0.951663
0.951672
0.951673
0.951681
0.951695
0.951714
0.951716
0.951731
0.951767
0.951775
0.951804
0.951865
0.951893
0.951902
0.95194
0.952028
0.952032
0.952045
0.952184
0.952205
0.952263
0.952309
0.952309
0.952317
0.952342
0.952345
0.952468
0.952491
0.952502
0.952591
0.952646
0.952711
0.952729
0.952746
0.952768
0.952899
0.952923
0.952974
0.953004
0.953036
0.95308
0.953087
0.95309
0.953099
0.953109
0.953115
0.953119
0.953128
0.953138
0.953218
0.953223
0.953268
0.953303
0.953318
0.953347
0.953349
0.953409
0.95344
0.953481
0.953489
0.953543
0.953551
0.953566
0.953573
0.953584
0.953691
0.953702
0.953714
0.953715
0.953839
0.953842
0.953903
0.953917
0.953928
0.953931
0.953957
0.953982
0.954021
0.954046
0.954052
0.954068
0.954079
0.954154
0.954232
0.954255
0.95428
0.954325
0.954361
0.954453
0.95455
0.954776
0.954793
0.954859
0.954865
0.954879
0.954925
0.954928
0.954948
0.954999
0.955024
0.95506
0.955171
0.955238
0.955268
0.955278
0.955368
0.955382
0.955393
0.955409
0.955409
0.95542
0.955465
0.955494
0.9555
0.95553
0.955544
0.955565
0.955641
0.955674
0.955682
0.955741
0.955754
0.955765
0.955782
0.955882
0.955888
0.955891
0.955918
0.955922
0.95594
0.955956
0.955973
0.956019
0.956027
0.956032
0.956073
0.956081
0.95615
0.956185
0.956223
0.956247
0.956275
0.956277
0.956325
0.956349
0.956364
0.95637
0.956427
0.956444
0.956492
0.956501
0.956512
0.956514
0.956528
0.956548
0.956588
0.956597
0.956638
0.956653
0.956654
0.956687
0.95669
0.956695
0.956696
0.956707
0.956718
0.956729
0.956743
0.956764
0.956791
0.956804
0.95681
0.956893
0.956939
0.956953
0.95703
0.957032
0.957065
0.957073
0.957076
0.957098
0.957149
0.957149
0.957161
0.95717
0.957187
0.957189
0.95719
0.957209
0.957299
0.957302
0.957357
0.957363
0.957396
0.957438
0.957451
0.957453
0.95749
0.957505
0.957532
0.957536
0.957537
0.957543
0.95756
0.957569
0.957577
0.957586
0.957604
0.957626
0.957699
0.957718
0.957719
0.957746
0.957753
0.957756
0.957851
0.957863
0.957885
0.9579
0.957919
0.957922
0.957973
0.957977
0.957983
0.958022
0.958101
0.958126
0.958187
0.958198
0.958203
0.958207
0.95821
0.958247
0.958265
0.958285
0.95829
0.958313
0.958337
0.958399
0.958416
0.958425
0.958435
0.958474
0.958512
0.958526
0.95854
0.958547
0.958564
0.958565
0.958581
0.958595
0.958667
0.958682
0.958746
0.958748
0.958764
0.958776
0.958806
0.958831
0.958896
0.958911
0.95892
0.958931
0.958934
0.959002
0.959015
0.959021
0.95904
0.959043
0.959044
0.959075
0.959076
0.959138
0.959152
0.959171
0.959182
0.959195
0.959216
0.959225
0.959277
0.95928
0.959319
0.959381
0.959392
0.959408
0.95944
0.959462
0.959493
0.959494
0.959626
0.959629
0.959708
0.959731
0.959734
0.9598
0.959821
0.959826
0.959834
0.959881
0.959919
0.95994
0.959941
0.960024
0.960051
0.960171
0.960182
0.960219
0.960226
0.960311
0.960312
0.960322
0.960358
0.960362
0.960419
0.960436
0.960455
0.960492
0.960492
0.960504
0.960519
0.96059
0.960598
0.960604
0.960606
0.96061
0.960653
0.960676
0.960708
0.960741
0.960747
0.96077
0.96078
0.960802
0.960808
0.960809
0.960843
0.960867
0.960869
0.960878
0.960898
0.960906
0.960954
0.960982
0.961027
0.961037
0.961064
0.961095
0.961156
0.961158
0.961238
0.961244
0.961284
0.961322
0.961325
0.961327
0.961329
0.961339
0.961425
0.961453
0.961489
0.961495
0.961546
0.961547
0.961557
0.961561
0.96157
0.961581
0.961613
0.961619
0.961625
0.961648
0.961663
0.961664
0.961667
0.961683
0.961721
0.961724
0.961733
0.96177
0.961778
0.961805
0.961838
0.961847
0.961861
0.961869
0.961893
0.961927
0.961954
0.961957
0.961963
0.962038
0.962051
0.962076
0.962107
0.962119
0.962136
0.962155
0.962172
0.962183
0.962186
0.962229
0.962239
0.962255
0.962255
0.962265
0.9623
0.962352
0.962379
0.962394
0.962395
0.962411
0.962432
0.96246
0.962467
0.962515
0.96254
0.962569
0.962641
0.962709
0.962719
0.962732
0.962752
0.962767
0.962817
0.962822
0.96286
0.962876
0.962899
0.96291
0.962918
0.962928
0.962945
0.962954
0.962956
0.962967
0.962996
0.963006
0.963025
0.963029
0.963046
0.963083
0.963132
0.963168
0.963212
0.963217
0.963243
0.963255
0.963258
0.963319
0.963329
0.963338
0.96334
0.963397
0.963399
0.963436
0.963442
0.963449
0.963481
0.963527
0.96353
0.963559
0.963611
0.963634
0.963635
0.963644
0.963652
0.96368
0.963699
0.963703
0.963706
0.963744
0.963751
0.963756
0.96381
0.963811
0.963822
0.963844
0.963873
0.963875
0.963888
0.963902
0.963931
0.963933
0.963956
0.963961
0.963982
0.963989
0.963996
0.964024
0.964092
0.964104
0.964125
0.964158
0.964177
0.964198
0.964238
0.964248
0.964316
0.964343
0.964348
0.96437
0.964379
0.964395
0.964437
0.964462
0.96447
0.964514
0.964518
0.964531
0.96459
0.964609
0.964647
0.964677
0.964689
0.964701
0.964709
0.964726
0.964727
0.964737
0.964781
0.964785
0.964804
0.964813
0.964816
0.964838
0.964842
0.964877
0.964883
0.964894
0.964912
0.964928
0.964976
0.964984
0.964987
0.964989
0.965001
0.965007
0.965007
0.965018
0.965063
0.965095
0.965119
0.965122
0.965127
0.965129
0.96514
0.965141
0.965141
0.965171
0.965189
0.96519
0.965209
0.96525
0.965264
0.96527
0.96528
0.965284
0.965291
0.965347
0.965365
0.965394
0.965402
0.965402
0.965406
0.965413
0.965494
0.965506
0.965544
0.965562
0.965575
0.965589
0.965593
0.96561
0.965618
0.965618
0.965635
0.965638
0.965638
0.965643
0.965656
0.965661
0.965681
0.965702
0.965726
0.965734
0.965743
0.965743
0.965751
0.965767
0.965768
0.965769
0.96581
0.965823
0.965876
0.965921
0.96593
0.965962
0.965973
0.966002
0.966008
0.966035
0.966063
0.966065
0.96607
0.966088
0.966095
0.966095
0.9661
0.966118
0.966171
0.966187
0.966204
0.966206
0.966213
0.966215
0.966227
0.966227
0.966229
0.96624
0.966242
0.966245
0.966297
0.966338
0.966344
0.966354
0.966367
0.966405
0.966436
0.966436
0.966442
0.966476
0.966486
0.966501
0.966516
0.966531
0.966549
0.966552
0.966558
0.966575
0.966575
0.966592
0.966638
0.966654
0.966666
0.966667
0.966674
0.96671
0.966718
0.966719
0.966723
0.966732
0.966746
0.966749
0.966768
0.966786
0.966795
0.966795
0.966804
0.966842
0.966855
0.966896
0.9669
0.966917
0.966944
0.966945
0.966958
0.966965
0.966985
0.96699
0.967029
0.96704
0.96704
0.967049
0.967054
0.967094
0.967095
0.967131
0.967134
0.967154
0.967158
0.967173
0.967176
0.967184
0.967188
0.967192
0.9672
0.967205
0.967207
0.967216
0.967224
0.967236
0.967237
0.967246
0.967246
0.96725
0.967262
0.967275
0.967277
0.967325
0.967325
0.967329
0.96735
0.967357
0.967358
0.967361
0.967362
0.967366
0.967413
0.967415
0.967417
0.96742
0.967429
0.967457
0.967473
0.967501
0.967543
0.967548
0.967573
0.967595
0.967602
0.967656
0.967657
0.967659
0.967678
0.967682
0.967694
0.9677
0.967711
0.967721
0.967728
0.967737
0.967739
0.967743
0.967746
0.967752
0.967756
0.967799
0.967832
0.96784
0.967847
0.967853
0.967914
0.96793
0.967943
0.967961
0.967972
0.967974
0.967987
0.967991
0.968008
0.968013
0.968021
0.968025
0.96803
0.968034
0.968034
0.968043
0.968044
0.968054
0.968066
0.968071
0.968086
0.968092
0.968095
0.96815
0.968161
0.968192
0.968199
0.968211
0.968234
0.968239
0.968258
0.968271
0.968288
0.968293
0.968303
0.968309
0.968316
0.968335
0.968354
0.96836
0.968366
0.968398
0.968428
0.968434
0.96845
0.96847
0.96847
0.968494
0.968499
0.9685
0.968501
0.968547
0.968548
0.968548
0.968561
0.96857
0.968572
0.968587
0.968587
0.968601
0.968601
0.968609
0.968623
0.968625
0.968641
0.968737
0.968756
0.968757
0.968777
0.968796
0.968797
0.968816
0.96884
0.968842
0.968847
0.968857
0.968858
0.968865
0.968868
0.968873
0.968879
0.968905
0.968922
0.968926
0.968937
0.968947
0.968952
0.968954
0.968961
0.968966
0.968969
0.968972
0.968976
0.968998
0.969008
0.969021
0.96903
0.969046
0.969081
0.969103
0.969112
0.969118
0.969167
0.969188
0.969197
0.969214
0.969214
0.969216
0.969227
0.969231
0.969268
0.969274
0.969276
0.969292
0.969307
0.969314
0.969323
0.969333
0.969336
0.969342
0.96935
0.969356
0.969377
0.969391
0.969411
0.969423
0.969454
0.969455
0.969464
0.969478
0.969479
0.969487
0.969496
0.969513
0.969513
0.969513
0.969516
0.96952
0.969561
0.96957
0.969595
0.969608
0.96963
0.969658
0.96967
0.969671
0.969671
0.969676
0.96968
0.969692
0.969699
0.969704
0.969704
0.969726
0.969727
0.969728
0.96973
0.96973
0.969733
0.969754
0.969759
0.969803
0.969835
0.96984
0.96985
0.969864
0.969865
0.969871
0.969884
0.969885
0.969894
0.969906
0.969931
0.969944
0.969981
0.970015
0.970017
0.970025
0.970034
0.970038
0.970042
0.97007
0.970084
0.970091
0.970102
0.970106
0.970106
0.970107
0.970124
0.970136
0.97014
0.970141
0.970151
0.970159
0.970159
0.970172
0.970196
0.970217
0.970226
0.970229
0.970233
0.970242
0.970269
0.970295
0.970328
0.970329
0.970341
0.970358
0.970358
0.970377
0.970397
0.9704
0.97042
0.970434
0.970439
0.970447
0.970464
0.970479
0.97049
0.970495
0.970502
0.970503
0.970523
0.970555
0.970555
0.970581
0.970591
0.9706
0.97062
0.97064
0.970641
0.970645
0.970646
0.970648
0.97065
0.970651
0.970653
0.970661
0.970663
0.970666
0.970672
0.970676
0.97069
0.970708
0.970709
0.970733
0.970745
0.97075
0.970767
0.970774
0.970776
0.970798
0.970807
0.970809
0.970815
0.970819
0.970932
0.970944
0.970953
0.970959
0.970991
0.970993
0.970996
0.971007
0.971014
0.971023
0.971062
0.97107
0.97108
0.971091
0.971095
0.9711
0.9711
0.97111
0.971145
0.971168
0.971184
0.971193
0.971214
0.971219
0.971268
0.971298
0.971306
0.97131
0.971341
0.971342
0.97135
0.971377
0.971397
0.971444
0.971449
0.971453
0.971457
0.971481
0.971495
0.9715
0.971507
0.971521
0.971531
0.971536
0.971574
0.971575
0.97158
0.971584
0.97159
0.971595
0.971612
0.971621
0.971631
0.971634
0.971639
0.971653
0.971688
0.971739
0.97174
0.971751
0.971754
0.971764
0.971767
0.971779
0.971794
0.971796
0.97182
0.971824
0.971866
0.97187
0.97188
0.97188
0.9719
0.971905
0.971917
0.971929
0.971942
0.97195
0.971952
0.971997
0.972003
0.97201
0.972014
0.972016
0.972026
0.972042
0.972053
0.972061
0.97208
0.972096
0.972097
0.972128
0.972138
0.972141
0.972142
0.972153
0.97218
0.972196
0.972203
0.972222
0.972253
0.972267
0.972271
0.972295
0.972309
0.972323
0.97233
0.972341
0.972383
0.972387
0.97239
0.972404
0.972412
0.972413
0.972428
0.972434
0.97244
0.972445
0.972455
0.972463
0.972473
0.972479
0.972493
0.972496
0.972508
0.972528
0.972596
0.972598
0.972598
0.972632
0.972634
0.972637
0.972637
0.972647
0.972653
0.972654
0.97267
0.972692
0.972705
0.972711
0.972732
0.972764
0.972767
0.972795
0.972798
0.972813
0.972815
0.97284
0.97285
0.972858
0.972897
0.972899
0.972929
0.972931
0.972935
0.972953
0.972962
0.972965
0.972991
0.972992
0.97301
0.973028
0.973058
0.973065
0.973068
0.973118
0.973128
0.973136
0.973136
0.973146
0.973154
0.973166
0.973168
0.973184
0.973187
0.973196
0.973209
0.973219
0.973236
0.973241
0.973246
0.973248
0.973253
0.973265
0.973282
0.973283
0.973301
0.97331
0.973316
0.973317
0.973343
0.973359
0.973375
0.97338
0.973392
0.973394
0.973395
0.973402
0.973428
0.973467
0.973468
0.97347
0.973478
0.973487
0.973488
0.973499
0.973519
0.973524
0.973525
0.973545
0.973549
0.973604
0.973631
0.973644
0.973706
0.973716
0.973723
0.973742
0.973748
0.973753
0.973754
0.973754
0.973819
0.973825
0.973832
0.973832
0.973868
0.973872
0.973876
0.973885
0.973902
0.973916
0.973917
0.973918
0.97392
0.973934
0.973937
0.973941
0.973942
0.973942
0.973948
0.97395
0.97396
0.973978
0.973988
0.974011
0.974021
0.974023
0.974024
0.974043
0.974062
0.974066
0.974071
0.974099
0.974099
0.974107
0.974116
0.974125
0.974131
0.974141
0.974154
0.974165
0.974169
0.974173
0.974189
0.974191
0.974196
0.974205
0.974207
0.974211
0.974221
0.974257
0.974271
0.974273
0.974311
0.974312
0.974326
0.974339
0.974346
0.974363
0.974376
0.974376
0.974378
0.974402
0.974413
0.974424
0.97444
0.974445
0.974449
0.974456
0.974462
0.974469
0.974479
0.974487
0.974489
0.974504
0.974527
0.97454
0.97454
0.974541
0.974562
0.974571
0.974571
0.974583
0.974596
0.974608
0.974635
0.974638
0.97464
0.974644
0.974658
0.974662
0.974672
0.974672
0.974675
0.9747
0.974704
0.974716
0.974718
0.974737
0.97475
0.974751
0.974758
0.974764
0.974771
0.974787
0.974796
0.974807
0.974811
0.974817
0.974821
0.974823
0.974833
0.974836
0.974836
0.974836
0.974841
0.974845
0.974853
0.974862
0.974871
0.974872
0.974873
0.974879
0.974889
0.974906
0.974913
0.974925
0.974927
0.974944
0.97495
0.974952
0.974959
0.974961
0.974967
0.974977
0.974978
0.974983
0.974988
0.975029
0.97503
0.975066
0.975066
0.975087
0.975097
0.975104
0.975114
0.975115
0.975136
0.975143
0.975166
0.975178
0.975201
0.975204
0.975215
0.975238
0.975254
0.975255
0.975258
0.975258
0.975258
0.97526
0.97526
0.97528
0.975283
0.975285
0.975289
0.975296
0.975356
0.975361
0.975364
0.975364
0.975368
0.975381
0.975382
0.975382
0.975391
0.975399
0.975437
0.975438
0.975449
0.975458
0.975458
0.975486
0.975517
0.975519
0.975522
0.975546
0.975554
0.975561
0.975581
0.975581
0.975593
0.975596
0.975604
0.975605
0.975605
0.975611
0.975613
0.975649
0.975653
0.975659
0.975669
0.975697
0.975702
0.975739
0.97577
0.975783
0.975817
0.975817
0.975835
0.975853
0.975856
0.975863
0.975885
0.975907
0.975913
0.975913
0.975916
0.97592
0.975921
0.975923
0.975936
0.975941
0.975981
0.975987
0.975992
0.976003
0.976018
0.976022
0.976028
0.976028
0.976049
0.976051
0.976094
0.976139
0.976142
0.976167
0.976175
0.976186
0.976194
0.976206
0.976235
0.976237
0.976254
0.976255
0.97626
0.976261
0.976262
0.976305
0.976308
0.976314
0.976318
0.976331
0.97634
0.97634
0.976341
0.976346
0.976357
0.976361
0.976364
0.976377
0.976383
0.976388
0.976391
0.976391
0.976392
0.976393
0.976425
0.976455
0.97649
0.976494
0.976503
0.976507
0.976509
0.976517
0.976522
0.976523
0.97655
0.976559
0.976571
0.976574
0.976576
0.976583
0.976588
0.976606
0.976618
0.976622
0.976627
0.976628
0.976672
0.976677
0.976693
0.976695
0.976736
0.976766
0.97677
0.976771
0.976784
0.976789
0.976793
0.976799
0.976811
0.976816
0.976824
0.97684
0.976844
0.976845
0.976858
0.97686
0.976862
0.976889
0.976891
0.9769
0.976902
0.976906
0.976907
0.976909
0.976915
0.97692
0.976924
0.976944
0.97695
0.976956
0.976978
0.976984
0.976987
0.977016
0.97703
0.977031
0.977072
0.977088
0.977096
0.977103
0.977107
0.977118
0.977129
0.977133
0.977155
0.977178
0.977184
0.977186
0.977196
0.977226
0.977238
0.977245
0.977263
0.977278
0.977286
0.977314
0.97732
0.977325
0.977339
0.97734
0.977349
0.977359
0.977361
0.977378
0.977381
0.977416
0.977417
0.97742
0.977426
0.977426
0.977431
0.977434
0.977435
0.977439
0.977452
0.977452
0.977459
0.977468
0.977473
0.977475
0.97753
0.977542
0.977545
0.977552
0.977563
0.977564
0.977567
0.977587
0.977601
0.977602
0.977608
0.97761
0.977611
0.977642
0.977645
0.977645
0.977646
0.977659
0.977675
0.977713
0.977735
0.977749
0.977767
0.977779
0.97778
0.977786
0.977792
0.977795
0.9778
0.977801
0.977812
0.977815
0.977817
0.97782
0.977822
0.977825
0.977832
0.977843
0.977844
0.977845
0.977862
0.977862
0.977873
0.977879
0.977902
0.977904
0.977906
0.97793
0.977943
0.977952
0.977952
0.977971
0.977993
0.978013
0.978017
0.978018
0.978025
0.978029
0.978036
0.978044
0.978061
0.97808
0.978089
0.978098
0.978127
0.978139
0.978149
0.978162
0.978166
0.97817
0.978201
0.978205
0.978207
0.978217
0.978226
0.978261
0.978276
0.978299
0.978306
0.978314
0.978316
0.978322
0.978332
0.978337
0.97834
0.978354
0.978368
0.978371
0.978378
0.978411
0.978425
0.978435
0.978437
0.978443
0.978454
0.978479
0.978497
0.978497
0.978511
0.978516
0.978528
0.978536
0.97854
0.978542
0.978562
0.978576
0.9786
0.9786
0.978622
0.978635
0.978695
0.978695
0.978703
0.978731
0.978732
0.978739
0.978748
0.978753
0.978763
0.978785
0.978791
0.978795
0.978814
0.978819
0.978822
0.978824
0.978833
0.978838
0.978844
0.978849
0.978849
0.978858
0.978865
0.978873
0.978887
0.978907
0.978911
0.978913
0.978918
0.978926
0.97898
0.979004
0.979014
0.979014
0.979027
0.979028
0.979035
0.979058
0.97906
0.979064
0.979066
0.979069
0.979069
0.979075
0.979112
0.979118
0.979119
0.979129
0.979135
0.979147
0.979157
0.979159
0.979199
0.9792
0.979201
0.979202
0.979204
0.979208
0.979209
0.979247
0.979269
0.979311
0.979315
0.97932
0.979322
0.979324
0.979329
0.979346
0.979348
0.979384
0.979384
0.979385
0.979395
0.979397
0.979414
0.979419
0.979421
0.979439
0.979452
0.979453
0.979454
0.979454
0.979454
0.979463
0.97947
0.979474
0.979482
0.9795
0.979503
0.979512
0.979515
0.979517
0.979529
0.979531
0.979533
0.979533
0.97954
0.979556
0.979581
0.97959
0.979609
0.979612
0.979615
0.979639
0.979652
0.979659
0.979663
0.979672
0.979677
0.979679
0.979702
0.979702
0.979711
0.979719
0.979729
0.979735
0.979742
0.979744
0.979751
0.979754
0.97976
0.979776
0.979786
0.979788
0.979796
0.979808
0.979809
0.979821
0.979831
0.97984
0.979842
0.97985
0.979855
0.979859
0.979877
0.979881
0.979891
0.979894
0.979908
0.979921
0.979926
0.979937
0.979952
0.979967
0.979981
0.98001
0.98001
0.980014
0.980027
0.980029
0.980035
0.980039
0.98004
0.980042
0.980046
0.980064
0.980069
0.980075
0.980088
0.980098
0.980099
0.980108
0.980112
0.980117
0.980123
0.980142
0.980144
0.980145
0.980155
0.980156
0.980161
0.980163
0.980166
0.980166
0.980167
0.980192
0.980193
0.980197
0.980198
0.980227
0.980257
0.980258
0.980279
0.980288
0.980291
0.980292
0.980315
0.98032
0.980323
0.980335
0.980336
0.980344
0.980373
0.980394
0.980403
0.980418
0.980421
0.980425
0.980432
0.980437
0.980447
0.980448
0.980451
0.980462
0.980496
0.980509
0.980534
0.980564
0.980572
0.980588
0.98059
0.980593
0.980602
0.980604
0.980607
0.980607
0.98061
0.980627
0.980628
0.980657
0.980658
0.980668
0.980676
0.980677
0.980678
0.980683
0.980708
0.98071
0.980728
0.980731
0.980735
0.98074
0.980748
0.980754
0.980774
0.980774
0.980782
0.980797
0.980799
0.980804
0.980819
0.98085
0.980853
0.98086
0.980881
0.980884
0.980888
0.980891
0.980898
0.9809
0.980914
0.980914
0.980915
0.980927
0.980935
0.980939
0.980945
0.98096
0.980961
0.980964
0.980994
0.981017
0.981043
0.981044
0.981051
0.981066
0.981075
0.981086
0.981096
0.9811
0.981102
0.98111
0.981125
0.981151
0.981152
0.981156
0.981157
0.981164
0.981176
0.981181
0.981182
0.981184
0.981191
0.981194
0.981195
0.981197
0.981203
0.981208
0.981211
0.981217
0.981234
0.981251
0.981257
0.981259
0.981266
0.981266
0.981276
0.981293
0.981296
0.981296
0.981299
0.9813
0.981303
0.981305
0.981311
0.981326
0.981336
0.981348
0.981372
0.981375
0.981383
0.981386
0.981386
0.98139
0.981399
0.981403
0.98141
0.981425
0.981435
0.981446
0.981465
0.981469
0.981474
0.981492
0.981494
0.981498
0.981499
0.981499
0.981506
0.981537
0.981539
0.981541
0.981553
0.981558
0.981567
0.98159
0.981591
0.981604
0.981626
0.981633
0.98164
0.98169
0.981707
0.981711
0.981741
0.981749
0.981789
0.981805
0.981814
0.981823
0.981851
0.981871
0.981874
0.981886
0.981889
0.981891
0.981894
0.9819
0.98191
0.981911
0.981913
0.981915
0.981917
0.981924
0.981948
0.98197
0.981972
0.981974
0.981992
0.982
0.982006
0.982012
0.982015
0.982022
0.982024
0.982028
0.982035
0.982047
0.982055
0.982079
0.982105
0.98211
0.98211
0.982126
0.982129
0.982132
0.982135
0.98215
0.982166
0.982173
0.982185
0.982186
0.982186
0.982194
0.982204
0.982224
0.982231
0.982238
0.982257
0.982264
0.982269
0.982292
0.982293
0.982298
0.982299
0.982306
0.982321
0.982352
0.982354
0.982362
0.982363
0.982367
0.98237
0.982382
0.982403
0.982422
0.98248
0.982484
0.982513
0.98252
0.982525
0.982545
0.982547
0.982552
0.982555
0.982571
0.98258
0.982607
0.982618
0.982636
0.982641
0.982645
0.98265
0.982651
0.982662
0.98267
0.982686
0.98271
0.982726
0.982728
0.982758
0.982758
0.98276
0.982778
0.982782
0.982782
0.982796
0.982817
0.982821
0.982831
0.982859
0.982874
0.982878
0.982898
0.9829
0.982901
0.982906
0.98291
0.982911
0.982923
0.982925
0.982949
0.982961
0.982965
0.982967
0.98297
0.982983
0.982991
0.982993
0.983001
0.983004
0.983031
0.983031
0.983054
0.983062
0.983063
0.983069
0.983088
0.983089
0.983091
0.983109
0.983116
0.983118
0.983129
0.983145
0.983154
0.983178
0.983181
0.983182
0.983182
0.983182
0.983183
0.983187
0.983188
0.983209
0.983214
0.983232
0.983239
0.983246
0.98325
0.983251
0.983257
0.983261
0.983276
0.983282
0.983295
0.983301
0.983303
0.983308
0.983319
0.983333
0.983374
0.983378
0.983381
0.983405
0.983415
0.983425
0.983447
0.983452
0.983455
0.983458
0.983459
0.98347
0.983471
0.98349
0.983493
0.983501
0.983507
0.983507
0.983539
0.983552
0.983559
0.983559
0.983566
0.983567
0.983594
0.983599
0.9836
0.9836
0.983629
0.983631
0.983641
0.983646
0.983656
0.983664
0.983669
0.983669
0.983684
0.983691
0.983691
0.983698
0.983707
0.983708
0.983712
0.983722
0.983729
0.983741
0.983768
0.98377
0.983784
0.983796
0.983811
0.983815
0.983819
0.983822
0.983823
0.983823
0.983838
0.983852
0.983864
0.983881
0.983881
0.98389
0.983913
0.983915
0.983921
0.983928
0.983929
0.983935
0.983963
0.983979
0.98398
0.983981
0.984007
0.984009
0.98401
0.984011
0.984025
0.984032
0.984037
0.984038
0.984051
0.984056
0.98406
0.984062
0.984063
0.984076
0.984077
0.984079
0.98409
0.984094
0.984101
0.984101
0.984103
0.984106
0.984108
0.984111
0.984114
0.984116
0.98412
0.984128
0.984147
0.984152
0.984156
0.984156
0.984175
0.984183
0.984195
0.984203
0.984206
0.984212
0.984227
0.984231
0.984232
0.984255
0.984256
0.984259
0.984263
0.984264
0.984277
0.984277
0.98428
0.984299
0.984306
0.98431
0.98431
0.984314
0.984326
0.984357
0.98436
0.984364
0.98437
0.984372
0.984373
0.98439
0.984395
0.984397
0.984398
0.984412
0.984414
0.984426
0.984441
0.984453
0.98447
0.984481
0.984484
0.984494
0.984536
0.984537
0.984538
0.984541
0.984546
0.984548
0.984558
0.984568
0.984568
0.984577
0.984582
0.984593
0.984607
0.984609
0.984615
0.984642
0.98466
0.984678
0.98468
0.98469
0.984732
0.984744
0.984747
0.984748
0.984756
0.984763
0.984764
0.984767
0.984771
0.984772
0.984777
0.984788
0.984799
0.984809
0.984814
0.984823
0.984826
0.98483
0.984831
0.984837
0.984838
0.984857
0.984872
0.984873
0.984877
0.984884
0.984889
0.98489
0.984892
0.984899
0.984903
0.984911
0.98493
0.984933
0.984934
0.984951
0.984966
0.98498
0.984993
0.984995
0.985003
0.985017
0.985023
0.985027
0.985038
0.985039
0.985042
0.985048
0.985048
0.98505
0.985068
0.985071
0.985072
0.985076
0.985078
0.985095
0.985103
0.985104
0.985111
0.985117
0.985122
0.985151
0.985152
0.985168
0.985177
0.985179
0.985188
0.985208
0.98521
0.985216
0.985217
0.98522
0.985222
0.985224
0.985227
0.985228
0.985231
0.985231
0.985236
0.985243
0.985268
0.985269
0.98528
0.985313
0.985315
0.985315
0.98532
0.98534
0.985343
0.985347
0.985347
0.985351
0.985351
0.985353
0.985366
0.985369
0.985377
0.985379
0.98538
0.985382
0.985382
0.985393
0.985429
0.985438
0.985446
0.985497
0.985511
0.985523
0.985525
0.985529
0.985569
0.985575
0.985576
0.985579
0.98558
0.985598
0.985605
0.985617
0.985625
0.985627
0.985638
0.985641
0.985652
0.985655
0.985656
0.985676
0.985677
0.985686
0.985703
0.985715
0.985719
0.985724
0.985729
0.985739
0.985754
0.985766
0.985767
0.985768
0.98577
0.985778
0.98578
0.985787
0.985792
0.985797
0.985806
0.985814
0.985822
0.985822
0.985828
0.985848
0.985854
0.985855
0.985855
0.985865
0.985881
0.985891
0.985897
0.985908
0.985909
0.98593
0.985947
0.985948
0.985957
0.985972
0.985973
0.985975
0.985996
0.986002
0.986021
0.986021
0.986022
0.986024
0.986024
0.986025
0.986029
0.986031
0.986061
0.986068
0.986078
0.986079
0.986084
0.986089
0.986099
0.986119
0.986123
0.986124
0.986137
0.986142
0.98616
0.986175
0.986176
0.986179
0.986179
0.986199
0.9862
0.986209
0.986218
0.986218
0.98623
0.986232
0.986236
0.986247
0.98627
0.986275
0.986284
0.986285
0.986287
0.986298
0.986301
0.986301
0.986302
0.986312
0.986318
0.986331
0.986349
0.986353
0.986357
0.98636
0.986361
0.986374
0.986389
0.986391
0.986395
0.986401
0.986409
0.98641
0.98642
0.986426
0.986436
0.986446
0.986447
0.98645
0.986452
0.986454
0.986479
0.986485
0.986491
0.986498
0.9865
0.986501
0.986502
0.986509
0.98651
0.986511
0.986522
0.986528
0.98653
0.986534
0.986538
0.986551
0.986567
0.986568
0.986606
0.986619
0.986638
0.98664
0.986643
0.986649
0.986658
0.98666
0.986674
0.986677
0.986695
0.9867
0.986717
0.98672
0.986721
0.986726
0.986731
0.986731
0.986742
0.986758
0.986758
0.986764
0.986785
0.986785
0.986795
0.986796
0.986796
0.986805
0.986805
0.986826
0.986834
0.986835
0.986838
0.986842
0.986857
0.986869
0.986906
0.986928
0.986959
0.98696
0.98697
0.986981
0.986986
0.986986
0.987011
0.98702
0.987023
0.987028
0.98704
0.987053
0.98708
0.987092
0.987096
0.9871
0.987102
0.987103
0.987103
0.987118
0.98712
0.987126
0.987128
0.987137
0.987137
0.987142
0.987158
0.98716
0.987165
0.987165
0.987172
0.987172
0.987173
0.987194
0.987199
0.987206
0.987217
0.987221
0.987225
0.987229
0.987233
0.987251
0.987262
0.987267
0.987273
0.987278
0.987282
0.987283
0.987285
0.987292
0.987299
0.98731
0.987314
0.987316
0.987319
0.98733
0.987331
0.98735
0.987351
0.987352
0.987362
0.987365
0.987376
0.987383
0.987383
0.987384
0.987384
0.987385
0.987388
0.987406
0.987416
0.987417
0.987422
0.987426
0.987428
0.987447
0.987453
0.987454
0.987461
0.987479
0.98749
0.9875
0.987503
0.987513
0.987533
0.987539
0.98754
0.98754
0.987566
0.987588
0.987589
0.987593
0.987613
0.987621
0.987626
0.987629
0.987638
0.987639
0.987641
0.987654
0.98766
0.98766
0.987671
0.987681
0.987681
0.987685
0.987691
0.987692
0.987697
0.987701
0.987707
0.987713
0.98772
0.987727
0.987733
0.987738
0.987753
0.987761
0.987763
0.987784
0.987785
0.987796
0.987806
0.987807
0.987814
0.987824
0.987828
0.987849
0.98785
0.987852
0.987856
0.987858
0.98787
0.987894
0.987914
0.987915
0.987928
0.987934
0.987936
0.987949
0.987951
0.987961
0.987964
0.987966
0.987975
0.987977
0.988038
0.988043
0.988051
0.988053
0.988055
0.988063
0.98807
0.988077
0.988088
0.988109
0.988129
0.988132
0.988133
0.988136
0.988139
0.988139
0.988141
0.988142
0.988151
0.988152
0.988155
0.988161
0.988163
0.988173
0.988174
0.988198
0.988209
0.988216
0.988222
0.988224
0.988225
0.988233
0.988237
0.988245
0.98825
0.988251
0.988253
0.988256
0.988278
0.988279
0.988281
0.988298
0.988308
0.988317
0.988319
0.988324
0.988327
0.988332
0.988332
0.988334
0.988335
0.98834
0.988347
0.988348
0.988357
0.988364
0.98837
0.988379
0.988381
0.988387
0.988391
0.988397
0.988399
0.988409
0.988413
0.988429
0.988431
0.988435
0.988442
0.988452
0.988456
0.988456
0.988458
0.988465
0.988475
0.988476
0.988477
0.988478
0.988494
0.988496
0.988497
0.988505
0.98851
0.988511
0.988531
0.988534
0.988535
0.988545
0.988546
0.988548
0.988562
0.988564
0.988568
0.988571
0.988584
0.988588
0.98859
0.988595
0.988604
0.988604
0.988608
0.988614
0.988623
0.988624
0.988631
0.988642
0.988656
0.98866
0.988665
0.988677
0.988685
0.988694
0.988703
0.988717
0.988719
0.988735
0.988739
0.988739
0.988742
0.988744
0.988748
0.988748
0.988751
0.988751
0.988754
0.988754
0.988762
0.988765
0.988773
0.988777
0.988789
0.988793
0.988793
0.9888
0.988804
0.988808
0.988808
0.988812
0.988822
0.988835
0.988843
0.988855
0.988862
0.988864
0.988873
0.988886
0.988895
0.9889
0.988909
0.988915
0.988915
0.988922
0.988926
0.988929
0.98893
0.988937
0.988938
0.988941
0.98895
0.988951
0.988956
0.988968
0.98898
0.988991
0.989008
0.989014
0.989022
0.989034
0.989047
0.989059
0.989068
0.989072
0.98908
0.989087
0.9891
0.989101
0.989101
0.989107
0.989116
0.989119
0.989126
0.989138
0.989141
0.989142
0.989142
0.989151
0.989152
0.989158
0.98916
0.989168
0.989172
0.989185
0.989194
0.989205
0.989209
0.98921
0.989216
0.989242
0.989243
0.989272
0.989274
0.989275
0.989279
0.989282
0.989294
0.989298
0.989313
0.989334
0.98934
0.98934
0.989348
0.989351
0.989351
0.989356
0.989361
0.989384
0.989386
0.989392
0.989409
0.989412
0.989424
0.989434
0.989436
0.989444
0.989459
0.989464
0.98947
0.989475
0.989478
0.989486
0.989486
0.989491
0.989496
0.989496
0.989498
0.989519
0.989524
0.989538
0.989545
0.989551
0.989568
0.989571
0.989577
0.98958
0.989582
0.989585
0.989597
0.989603
0.989627
0.989628
0.989636
0.989637
0.98964
0.989651
0.989656
0.989661
0.989678
0.98968
0.989687
0.989701
0.989713
0.989715
0.989723
0.989725
0.989728
0.989728
0.989737
0.989747
0.989755
0.989758
0.989761
0.989775
0.989777
0.989777
0.989779
0.989782
0.989789
0.989794
0.989797
0.989797
0.989803
0.989806
0.989812
0.989823
0.989824
0.989824
0.989825
0.989831
0.989842
0.989844
0.989852
0.989858
0.989858
0.989871
0.989873
0.989906
0.989912
0.989914
0.989918
0.989919
0.98992
0.989921
0.989926
0.989926
0.989945
0.989946
0.989948
0.989953
0.989954
0.989966
0.989973
0.989973
0.989978
0.989984
0.989985
0.989987
0.98999
0.989993
0.989996
0.989999
0.990002
0.990006
0.99001
0.990014
0.99002
0.99004
0.990049
0.990051
0.990052
0.990063
0.99008
0.99008
0.990084
0.990084
0.99011
0.990112
0.990113
0.990115
0.990119
0.990125
0.990126
0.990128
0.990128
0.99013
0.990135
0.990143
0.990153
0.990159
0.990174
0.990187
0.9902
0.990216
0.990221
0.990229
0.990236
0.990245
0.990251
0.990253
0.990256
0.990262
0.990266
0.990275
0.990283
0.990287
0.990317
0.990338
0.990352
0.990352
0.990354
0.990356
0.990359
0.990363
0.990371
0.990377
0.990379
0.990384
0.990406
0.99041
0.990429
0.990436
0.990441
0.990449
0.990449
0.990463
0.990465
0.990468
0.99047
0.990476
0.990478
0.990479
0.990484
0.990505
0.990508
0.990518
0.990552
0.990569
0.990571
0.990577
0.990578
0.990585
0.990589
0.990596
0.990599
0.990601
0.990607
0.990608
0.990612
0.99062
0.990624
0.990635
0.99065
0.990661
0.990669
0.990675
0.990684
0.990691
0.990697
0.9907
0.9907
0.990709
0.990715
0.990716
0.99073
0.990737
0.990753
0.990756
0.99076
0.990761
0.990773
0.990776
0.990777
0.990778
0.990789
0.990793
0.990806
0.990823
0.990823
0.99083
0.990833
0.990834
0.990836
0.990839
0.990849
0.990864
0.990866
0.990867
0.990876
0.990881
0.990899
0.9909
0.990904
0.99093
0.990943
0.990944
0.990946
0.990971
0.990975
0.990981
0.990993
0.990996
0.991006
0.99101
0.991013
0.991017
0.991022
0.991024
0.991034
0.99105
0.991055
0.991059
0.991069
0.991074
0.991075
0.991079
0.991086
0.991087
0.991088
0.991103
0.991113
0.991129
0.991131
0.991146
0.991153
0.991154
0.991157
0.991162
0.991188
0.991191
0.991206
0.991219
0.991221
0.991223
0.991232
0.991235
0.99124
0.991248
0.991252
0.991253
0.991257
0.991261
0.991273
0.991275
0.991283
0.991287
0.991297
0.991304
0.991308
0.991309
0.99131
0.991311
0.991316
0.991327
0.991331
0.991342
0.991356
0.991359
0.991363
0.991365
0.991371
0.991375
0.991385
0.991386
0.991396
0.9914
0.991412
0.991417
0.991419
0.991437
0.991442
0.991462
0.991466
0.991468
0.991475
0.99148
0.991482
0.991497
0.991514
0.991524
0.991529
0.991533
0.991539
0.991545
0.99155
0.991552
0.991559
0.99157
0.991575
0.991578
0.991591
0.991609
0.99161
0.991614
0.991627
0.991628
0.991632
0.991643
0.991649
0.991651
0.991676
0.991679
0.991686
0.991698
0.991701
0.991707
0.991713
0.991722
0.991728
0.991736
0.991741
0.991747
0.99176
0.991779
0.991796
0.991798
0.991807
0.991808
0.991811
0.99183
0.991832
0.991843
0.991849
0.991856
0.991865
0.991878
0.991881
0.991883
0.991902
0.991914
0.991917
0.991923
0.991924
0.991928
0.99193
0.991932
0.99194
0.991957
0.991959
0.991967
0.991972
0.991973
0.991996
0.992003
0.992009
0.992012
0.992021
0.992028
0.992033
0.992035
0.992035
0.992042
0.992043
0.992044
0.992045
0.992047
0.992048
0.992066
0.992084
0.992094
0.992097
0.992098
0.992099
0.992115
0.992123
0.992126
0.99213
0.992133
0.992159
0.992187
0.992192
0.992199
0.992202
0.992224
0.992226
0.992227
0.992229
0.992247
0.992258
0.992261
0.992263
0.992273
0.992274
0.992275
0.992279
0.992283
0.992296
0.992299
0.992299
0.9923
0.992319
0.99233
0.992331
0.992354
0.992359
0.992363
0.992367
0.992369
0.992376
0.992376
0.992385
0.992405
0.992415
0.992442
0.992446
0.992455
0.99246
0.992486
0.992505
0.992514
0.992524
0.992528
0.992534
0.992537
0.992557
0.992566
0.992581
0.992587
0.992597
0.992606
0.992607
0.992608
0.992611
0.992613
0.992616
0.992629
0.992641
0.992648
0.992656
0.99266
0.992663
0.992679
0.99268
0.992708
0.992732
0.992736
0.992739
0.992744
0.992747
0.99275
0.992757
0.992763
0.992768
0.992773
0.992778
0.992781
0.992789
0.992798
0.9928
0.992801
0.992802
0.992804
0.992808
0.992817
0.992818
0.992824
0.992828
0.992832
0.992859
0.992868
0.992893
0.992903
0.992907
0.99291
0.992912
0.992913
0.992924
0.992924
0.992927
0.992933
0.992936
0.99294
0.992941
0.992943
0.992952
0.992955
0.992967
0.992968
0.992969
0.992969
0.992972
0.992984
0.992987
0.992989
0.992992
0.99301
0.993014
0.993027
0.99303
0.993039
0.993042
0.993058
0.993062
0.993069
0.993073
0.993077
0.993079
0.993085
0.993096
0.993106
0.993108
0.993123
0.993133
0.993135
0.993138
0.993143
0.993147
0.993149
0.993153
0.993161
0.993163
0.993168
0.993169
0.993169
0.993176
0.99318
0.993185
0.993191
0.993193
0.993197
0.993197
0.993198
0.993208
0.993217
0.993217
0.993226
0.993226
0.993228
0.993243
0.993256
0.993257
0.993261
0.993264
0.993265
0.993266
0.993266
0.993268
0.993285
0.993289
0.99329
0.993291
0.993295
0.993297
0.993298
0.993301
0.993304
0.993309
0.99331
0.99331
0.993314
0.993324
0.993327
0.993343
0.993354
0.993357
0.993373
0.993378
0.993385
0.993391
0.993393
0.993396
0.993404
0.99342
0.99343
0.993431
0.993437
0.993438
0.993449
0.993503
0.993503
0.993514
0.993518
0.993521
0.993553
0.993569
0.993573
0.99359
0.993605
0.993614
0.993624
0.99363
0.993631
0.993633
0.993642
0.993647
0.993657
0.99366
0.993664
0.993677
0.993678
0.993681
0.993687
0.993691
0.993698
0.9937
0.993715
0.993722
0.993746
0.993759
0.993759
0.99376
0.993768
0.993779
0.993779
0.99378
0.993781
0.993783
0.993808
0.993818
0.993821
0.993839
0.993846
0.993858
0.993859
0.993861
0.993869
0.993871
0.993876
0.993879
0.993885
0.993887
0.993914
0.993926
0.993936
0.99394
0.993967
0.993969
0.993982
0.994011
0.994025
0.994028
0.994036
0.994042
0.994043
0.994051
0.994051
0.994052
0.994054
0.994058
0.994065
0.994067
0.994068
0.994076
0.994077
0.994078
0.994079
0.994081
0.994081
0.994086
0.994088
0.994091
0.994101
0.994122
0.994122
0.994125
0.994132
0.994133
0.994144
0.99416
0.994163
0.994164
0.994175
0.994193
0.994206
0.994218
0.994219
0.99422
0.994226
0.994234
0.994242
0.994244
0.994256
0.994273
0.994277
0.99429
0.994293
0.994295
0.994311
0.994321
0.994331
0.994337
0.99435
0.994358
0.994362
0.99438
0.994385
0.994396
0.994408
0.99441
0.994416
0.99442
0.99442
0.994429
0.994437
0.994441
0.994459
0.994469
0.994481
0.994482
0.994501
0.994509
0.994512
0.994514
0.994519
0.994521
0.994528
0.994537
0.994537
0.994541
0.994547
0.994555
0.994558
0.994568
0.994569
0.99457
0.994573
0.994574
0.994577
0.994577
0.994579
0.99458
0.994592
0.994601
0.994636
0.994636
0.99464
0.99464
0.994645
0.994678
0.99468
0.994681
0.994683
0.994705
0.994706
0.99472
0.994727
0.994734
0.994739
0.994745
0.994745
0.994748
0.994748
0.99475
0.994752
0.994757
0.99477
0.994777
0.994782
0.994783
0.994784
0.994786
0.994787
0.994791
0.9948
0.994801
0.994807
0.994813
0.99483
0.994837
0.994838
0.994841
0.994842
0.99485
0.994852
0.994856
0.994866
0.994869
0.994872
0.994873
0.994875
0.994879
0.994885
0.99491
0.994919
0.994928
0.994929
0.994932
0.994933
0.994942
0.994948
0.994968
0.994979
0.994979
0.994982
0.994985
0.994989
0.994996
0.994997
0.995031
0.995036
0.995046
0.995054
0.995077
0.995089
0.995097
0.995107
0.995112
0.99512
0.995122
0.995124
0.995131
0.995134
0.995137
0.99514
0.995147
0.995157
0.995162
0.995174
0.995175
0.995176
0.995178
0.995191
0.995196
0.995198
0.995205
0.995214
0.995217
0.995217
0.99522
0.995233
0.995246
0.995246
0.995248
0.995252
0.995257
0.995263
0.995266
0.995285
0.995286
0.995297
0.995305
0.995309
0.99531
0.995312
0.995316
0.995329
0.995334
0.995338
0.995348
0.995349
0.995353
0.995358
0.995358
0.99536
0.99537
0.995372
0.995374
0.995375
0.995378
0.995395
0.995398
0.995421
0.995427
0.99543
0.995434
0.995439
0.995445
0.995446
0.995453
0.995456
0.995465
0.995466
0.99547
0.995474
0.995474
0.99549
0.995492
0.995494
0.995511
0.995516
0.995519
0.995526
0.99553
0.995539
0.995541
0.995543
0.995549
0.995557
0.995568
0.995573
0.995581
0.995582
0.995584
0.995595
0.995596
0.995602
0.995609
0.995619
0.995619
0.99562
0.995622
0.995627
0.995632
0.995639
0.995639
0.995639
0.995642
0.995646
0.995652
0.995655
0.995655
0.995671
0.995677
0.995686
0.995692
0.995697
0.995701
0.995704
0.995715
0.995718
0.995726
0.995726
0.995745
0.995751
0.995754
0.995771
0.995785
0.995787
0.995799
0.9958
0.995808
0.995814
0.995814
0.995823
0.995824
0.995835
0.995839
0.995844
0.995845
0.995846
0.995846
0.995854
0.995856
0.995865
0.995877
0.99588
0.995887
0.995893
0.995897
0.995897
0.995899
0.995899
0.995923
0.995925
0.995928
0.995933
0.995942
0.995952
0.995953
0.995957
0.995964
0.995968
0.995969
0.995988
0.996
0.996022
0.996031
0.996035
0.996037
0.996039
0.996042
0.996043
0.996045
0.996048
0.996058
0.996066
0.996068
0.996071
0.996072
0.99608
0.996086
0.996091
0.99611
0.996117
0.996118
0.996126
0.996129
0.99613
0.996132
0.996135
0.996135
0.996162
0.996164
0.996168
0.996172
0.996184
0.996185
0.996188
0.99619
0.996195
0.996196
0.996224
0.996225
0.996226
0.996228
0.996229
0.996229
0.996232
0.996233
0.996236
0.996237
0.996242
0.996243
0.996246
0.996259
0.996274
0.996275
0.99628
0.996289
0.996289
0.996317
0.996339
0.996343
0.996351
0.996354
0.996355
0.996358
0.99636
0.996372
0.996372
0.996378
0.996382
0.996395
0.99641
0.996421
0.996422
0.996423
0.996425
0.996428
0.99643
0.99644
0.996441
0.996449
0.996457
0.99646
0.99646
0.996463
0.996481
0.996485
0.996488
0.996488
0.996494
0.996495
0.996502
0.996504
0.996507
0.996511
0.996529
0.996531
0.996534
0.99655
0.996554
0.99656
0.996568
0.996579
0.99658
0.996584
0.996589
0.996591
0.996592
0.996619
0.99662
0.996627
0.996633
0.996635
0.996637
0.996653
0.996662
0.996663
0.996664
0.996668
0.996692
0.996709
0.996709
0.996713
0.996717
0.996717
0.996718
0.996719
0.99672
0.996745
0.996776
0.996786
0.996789
0.996798
0.996802
0.996807
0.996819
0.996821
0.996823
0.996836
0.996861
0.996868
0.99687
0.996874
0.996877
0.996879
0.996881
0.996884
0.996889
0.996897
0.996902
0.996904
0.996913
0.996918
0.996922
0.996927
0.996927
0.99694
0.996942
0.996954
0.99696
0.996977
0.996977
0.996977
0.99698
0.996981
0.996987
0.997013
0.997014
0.997021
0.997021
0.997027
0.997029
0.997035
0.997041
0.997048
0.997053
0.997054
0.99706
0.997063
0.997065
0.997067
0.997067
0.997073
0.997074
0.997076
0.99708
0.997103
0.997108
0.997117
0.997123
0.997142
0.997152
0.997158
0.997171
0.997174
0.997181
0.997184
0.997186
0.99719
0.997193
0.997199
0.997205
0.997229
0.997234
0.997239
0.997245
0.997264
0.997272
0.997277
0.997277
0.997293
0.997295
0.997298
0.997306
0.997313
0.997324
0.997341
0.997346
0.997359
0.997374
0.997381
0.997386
0.997391
0.997405
0.997405
0.997405
0.997408
0.997413
0.997415
0.99743
0.997431
0.997435
0.997438
0.997446
0.997449
0.997453
0.997462
0.997466
0.997472
0.997474
0.9975
0.997501
0.997506
0.997509
0.99751
0.997513
0.997543
0.997545
0.997551
0.997552
0.997553
0.997558
0.99756
0.997568
0.99757
0.997572
0.997573
0.997579
0.997589
0.997597
0.997598
0.997606
0.99761
0.99762
0.997621
0.997623
0.997626
0.997627
0.997643
0.997662
0.997663
0.997667
0.997669
0.997678
0.997691
0.997702
0.997702
0.997703
0.997703
0.997704
0.997719
0.99772
0.997726
0.997743
0.997755
0.997758
0.997763
0.997773
0.997775
0.997783
0.997788
0.997792
0.997794
0.997799
0.997822
0.997823
0.997828
0.997834
0.997836
0.997859
0.997867
0.997869
0.99787
0.997879
0.997881
0.997888
0.997893
0.99792
0.997925
0.997929
0.99793
0.997933
0.997939
0.997947
0.99795
0.997957
0.99796
0.997965
0.997974
0.997974
0.997974
0.997978
0.997982
0.997986
0.997991
0.998001
0.998002
0.998003
0.998004
0.998008
0.998026
0.998026
0.99803
0.998031
0.998044
0.998057
0.998058
0.998058
0.998063
0.998063
0.998065
0.998066
0.99807
0.99807
0.998072
0.998075
0.998078
0.998081
0.998098
0.998106
0.998111
0.998137
0.998141
0.998162
0.998163
0.998167
0.998171
0.998172
0.998179
0.998185
0.9982
0.998208
0.998211
0.998218
0.99824
0.998244
0.998244
0.998257
0.998258
0.998261
0.998269
0.99827
0.998271
0.998272
0.998275
0.998281
0.998286
0.998287
0.998287
0.998287
0.99829
0.998297
0.998305
0.998305
0.998309
0.998311
0.998316
0.998317
0.99832
0.998333
0.998338
0.998353
0.998354
0.998355
0.998371
0.998373
0.998374
0.998379
0.998397
0.99841
0.998412
0.998418
0.99842
0.998426
0.998434
0.99844
0.998452
0.998458
0.99846
0.99846
0.998461
0.998462
0.998463
0.998465
0.998473
0.998476
0.998484
0.998485
0.998499
0.998505
0.998505
0.99851
0.998514
0.998526
0.99853
0.99853
0.998531
0.99854
0.998543
0.998545
0.998566
0.998573
0.998579
0.998608
0.998616
0.998635
0.998638
0.998641
0.998644
0.998645
0.998648
0.998653
0.998677
0.998677
0.9987
0.998711
0.998722
0.998722
0.998723
0.99873
0.998733
0.998735
0.998742
0.998764
0.998781
0.998781
0.998812
0.998814
0.998814
0.998822
0.998834
0.998835
0.99884
0.998847
0.998847
0.998849
0.998851
0.998851
0.99886
0.998866
0.998868
0.998872
0.998872
0.998876
0.998878
0.998883
0.998894
0.9989
0.998902
0.998902
0.998906
0.998919
0.998919
0.998921
0.998926
0.998936
0.998946
0.998951
0.998962
0.998966
0.99897
0.998973
0.998974
0.998978
0.998981
0.998987
0.998996
0.999
0.999004
0.999008
0.999013
0.999016
0.999016
0.999019
0.999019
0.999037
0.999047
0.99905
0.99906
0.999067
0.999072
0.999078
0.999086
0.999086
0.999093
0.999109
0.999112
0.999114
0.999121
0.999139
0.999143
0.99917
0.999171
0.999176
0.999187
0.99919
0.999205
0.999207
0.999211
0.999211
0.999213
0.999215
0.999225
0.999228
0.99923
0.999239
0.999244
0.999255
0.999259
0.99926
0.999266
0.999273
0.999274
0.999277
0.9993
0.999308
0.999319
0.999323
0.999329
0.99933
0.999331
0.99934
0.999372
0.999375
0.999376
0.999392
0.999401
0.999404
0.999406
0.999426
0.999433
0.999436
0.999456
0.999457
0.99946
0.999465
0.999466
0.99947
0.999496
0.999502
0.999508
0.999521
0.99954
0.999549
0.999571
0.99958
0.999587
0.999602
0.999608
0.999609
0.999621
0.999623
0.999625
0.999637
0.999638
0.999644
0.999651
0.999652
0.999657
0.999668
0.999699
0.999703
0.999717
0.999718
0.999727
0.999737
0.999741
0.999742
0.999742
0.99975
0.999758
0.999778
0.999779
0.999781
0.999786
0.999788
0.999788
0.999794
0.999816
0.999816
0.999818
0.999819
0.999827
0.999828
0.999831
0.999832
0.999832
0.999834
0.999838
0.999843
0.999852
0.999861
0.999872
0.999878
0.999894
0.9999
0.999928
0.999928
0.999938
0.999955
0.999957
0.99996
0.999961
0.999972
0.999979
0.999983
0.999998
1
1
1.00001
1.00003
1.00003
1.00003
1.00005
1.00006
1.00006
1.00006
1.00007
1.00007
1.00008
1.00008
1.00009
1.00011
1.00012
1.00012
1.00013
1.00013
1.00013
1.00014
1.00015
1.00015
1.00017
1.00017
1.00018
1.00018
1.00018
1.00019
1.0002
1.0002
1.0002
1.0002
1.00021
1.00022
1.00022
1.00023
1.00023
1.00023
1.00023
1.00025
1.00025
1.00026
1.00026
1.00027
1.00029
1.00031
1.00031
1.00031
1.00031
1.00032
1.00032
1.00032
1.00032
1.00033
1.00033
1.00033
1.00035
1.00035
1.00035
1.00035
1.00036
1.00038
1.0004
1.00041
1.00041
1.00042
1.00042
1.00043
1.00043
1.00044
1.00044
1.00044
1.00044
1.00044
1.00045
1.00046
1.00046
1.00047
1.00047
1.00048
1.00049
1.00049
1.0005
1.00053
1.00054
1.00056
1.00057
1.00058
1.00059
1.00059
1.00063
1.00064
1.00065
1.00065
1.00066
1.00067
1.00068
1.00068
1.00068
1.00069
1.0007
1.00071
1.00073
1.00074
1.00074
1.00075
1.00075
1.00078
1.00079
1.0008
1.0008
1.0008
1.00081
1.00081
1.00083
1.00083
1.00083
1.00084
1.00085
1.00085
1.00086
1.00086
1.00088
1.00089
1.0009
1.00091
1.00092
1.00092
1.00092
1.00092
1.00093
1.00093
1.00094
1.00094
1.00095
1.00097
1.00097
1.00098
1.00098
1.00099
1.00101
1.00101
1.00101
1.00103
1.00104
1.00104
1.00106
1.00108
1.00108
1.00109
1.00109
1.00109
1.00109
1.0011
1.0011
1.0011
1.00113
1.00115
1.00115
1.00117
1.00117
1.00117
1.00118
1.00118
1.00118
1.00118
1.00118
1.00118
1.00119
1.0012
1.0012
1.0012
1.00121
1.00122
1.00122
1.00122
1.00123
1.00123
1.00123
1.00123
1.00124
1.00124
1.00124
1.00125
1.00125
1.00125
1.00126
1.00126
1.00127
1.00127
1.00131
1.00131
1.00131
1.00131
1.00134
1.00135
1.00135
1.00136
1.00136
1.00137
1.00138
1.00139
1.00139
1.0014
1.0014
1.0014
1.0014
1.00141
1.00141
1.00141
1.00142
1.00142
1.00144
1.00145
1.00145
1.00145
1.00146
1.00146
1.00146
1.00146
1.00147
1.00147
1.00148
1.00148
1.00148
1.00148
1.0015
1.0015
1.0015
1.0015
1.00151
1.00151
1.00152
1.00152
1.00153
1.00153
1.00154
1.00154
1.00154
1.00154
1.00154
1.00155
1.00155
1.00155
1.00155
1.00155
1.00155
1.00156
1.00156
1.00157
1.00158
1.00158
1.00159
1.00159
1.00159
1.0016
1.00161
1.00161
1.00161
1.00162
1.00162
1.00162
1.00163
1.00164
1.00164
1.00164
1.00165
1.00165
1.00165
1.00166
1.00166
1.0017
1.00171
1.00172
1.00173
1.00174
1.00176
1.00176
1.00177
1.00177
1.00178
1.00179
1.00179
1.00181
1.00181
1.00182
1.00182
1.00182
1.00182
1.00182
1.00183
1.00183
1.00183
1.00184
1.00184
1.00184
1.00184
1.00185
1.00185
1.00185
1.00185
1.00189
1.00189
1.0019
1.0019
1.00191
1.00194
1.00195
1.00195
1.00196
1.00197
1.00197
1.00197
1.00197
1.00197
1.00197
1.00199
1.00199
1.002
1.00201
1.00201
1.00202
1.00202
1.00202
1.00203
1.00203
1.00204
1.00205
1.00205
1.00207
1.00208
1.00208
1.00208
1.00209
1.00209
1.00209
1.0021
1.0021
1.00211
1.00211
1.00211
1.00211
1.00212
1.00212
1.00212
1.00213
1.00213
1.00214
1.00215
1.00215
1.00215
1.00216
1.00217
1.00218
1.00219
1.00221
1.00222
1.00223
1.00223
1.00223
1.00225
1.00225
1.00226
1.00226
1.00226
1.00226
1.00227
1.00228
1.00228
1.00228
1.00228
1.00228
1.00228
1.00229
1.0023
1.00232
1.00233
1.00234
1.00234
1.00234
1.00235
1.00235
1.00235
1.00237
1.00238
1.00238
1.00238
1.00239
1.00239
1.0024
1.00241
1.00243
1.00243
1.00243
1.00243
1.00243
1.00243
1.00244
1.00245
1.00245
1.00246
1.00246
1.00247
1.00247
1.00248
1.00248
1.00249
1.0025
1.0025
1.0025
1.00251
1.00252
1.00252
1.00253
1.00254
1.00254
1.00254
1.00255
1.00255
1.00255
1.00257
1.00257
1.00259
1.00259
1.00259
1.0026
1.0026
1.0026
1.00261
1.00261
1.00261
1.00261
1.00263
1.00263
1.00264
1.00265
1.00266
1.00266
1.00266
1.00266
1.00266
1.00267
1.00267
1.00267
1.00268
1.00268
1.00269
1.00269
1.0027
1.0027
1.0027
1.0027
1.00271
1.00272
1.00272
1.00272
1.00272
1.00272
1.00274
1.00274
1.00275
1.00276
1.00276
1.00277
1.00279
1.0028
1.00281
1.00282
1.00282
1.00282
1.00283
1.00283
1.00285
1.00285
1.00285
1.00285
1.00288
1.00288
1.00288
1.00289
1.00289
1.0029
1.0029
1.00292
1.00296
1.00297
1.00297
1.00298
1.00299
1.003
1.003
1.00302
1.00304
1.00304
1.00305
1.00306
1.00306
1.00306
1.00307
1.00307
1.00308
1.00308
1.00308
1.00308
1.00308
1.00309
1.0031
1.00311
1.00311
1.00311
1.00312
1.00313
1.00314
1.00315
1.00315
1.00315
1.00315
1.00318
1.00318
1.00319
1.00319
1.0032
1.00322
1.00322
1.00322
1.00323
1.00323
1.00323
1.00323
1.00324
1.00324
1.00325
1.00327
1.00328
1.00329
1.00333
1.00333
1.00333
1.00336
1.00338
1.00338
1.00338
1.00338
1.00338
1.00339
1.0034
1.0034
1.00341
1.00342
1.00344
1.00345
1.00346
1.00347
1.00347
1.00348
1.00349
1.0035
1.00351
1.00351
1.00352
1.00352
1.00353
1.00353
1.00354
1.00354
1.00355
1.00356
1.00356
1.00358
1.00358
1.00358
1.00358
1.00361
1.00362
1.00363
1.00363
1.00364
1.00365
1.00366
1.00366
1.00367
1.00367
1.00369
1.00369
1.00369
1.00369
1.0037
1.0037
1.0037
1.00371
1.00373
1.00374
1.00376
1.00376
1.00377
1.00377
1.00377
1.00378
1.00378
1.00378
1.00378
1.00379
1.00381
1.00382
1.00382
1.00382
1.00382
1.00382
1.00383
1.00384
1.00385
1.00385
1.00387
1.00387
1.00388
1.00388
1.00389
1.0039
1.00391
1.00392
1.00393
1.00393
1.00393
1.00393
1.00394
1.00394
1.00395
1.00395
1.00396
1.00397
1.00397
1.00398
1.00398
1.00398
1.00398
1.00398
1.00399
1.00399
1.004
1.004
1.004
1.004
1.00406
1.00406
1.00406
1.00407
1.00409
1.00409
1.0041
1.00411
1.00411
1.00412
1.00412
1.00413
1.00415
1.00415
1.00416
1.00417
1.00418
1.00419
1.00419
1.0042
1.0042
1.0042
1.00421
1.00422
1.00423
1.00425
1.00425
1.00425
1.00425
1.00426
1.00427
1.00428
1.00428
1.00428
1.00429
1.00429
1.0043
1.0043
1.00431
1.00432
1.00432
1.00432
1.00433
1.00433
1.00433
1.00433
1.00435
1.00435
1.00435
1.00435
1.00436
1.00438
1.0044
1.0044
1.0044
1.00441
1.00441
1.00441
1.00441
1.00441
1.00442
1.00442
1.00442
1.00442
1.00442
1.00444
1.00444
1.00445
1.00446
1.00446
1.00447
1.00448
1.00448
1.00448
1.00448
1.00449
1.00452
1.00453
1.00453
1.00453
1.00454
1.00454
1.00454
1.00455
1.00455
1.00456
1.00456
1.00457
1.00458
1.00459
1.00459
1.00462
1.00463
1.00463
1.00463
1.00464
1.00465
1.00465
1.00469
1.00469
1.00469
1.00469
1.00469
1.0047
1.0047
1.00471
1.00471
1.00472
1.00472
1.00472
1.00473
1.00473
1.00475
1.00475
1.00476
1.00477
1.00478
1.0048
1.00481
1.00482
1.00485
1.00485
1.00486
1.00486
1.00488
1.0049
1.0049
1.0049
1.00491
1.00492
1.00492
1.00492
1.00493
1.00493
1.00496
1.00496
1.00497
1.00497
1.00497
1.00498
1.00498
1.00498
1.00498
1.00499
1.005
1.005
1.005
1.005
1.00501
1.00502
1.00503
1.00503
1.00503
1.00504
1.00505
1.00505
1.00506
1.00506
1.00507
1.00507
1.00507
1.00508
1.00508
1.0051
1.00511
1.00511
1.00513
1.00514
1.00516
1.00517
1.00519
1.00519
1.00519
1.00519
1.00521
1.00522
1.00522
1.00522
1.00522
1.00523
1.00523
1.00523
1.00523
1.00524
1.00524
1.00526
1.00526
1.00526
1.00527
1.00527
1.00528
1.00529
1.0053
1.00531
1.00531
1.00531
1.00532
1.00533
1.00536
1.00537
1.00537
1.00537
1.00537
1.00537
1.00538
1.00538
1.00539
1.00541
1.00542
1.00543
1.00543
1.00544
1.00544
1.00546
1.00546
1.00546
1.00547
1.00548
1.00548
1.00549
1.00549
1.0055
1.0055
1.0055
1.0055
1.0055
1.00551
1.00552
1.00552
1.00553
1.00556
1.00557
1.00558
1.00558
1.00559
1.00559
1.00559
1.00563
1.00564
1.00564
1.00564
1.00565
1.00565
1.00566
1.00567
1.00567
1.00568
1.0057
1.00572
1.00573
1.00574
1.00575
1.00576
1.00576
1.00576
1.00577
1.00577
1.00578
1.00579
1.0058
1.0058
1.00581
1.00585
1.00585
1.00585
1.00586
1.00586
1.00586
1.00587
1.00587
1.00588
1.00588
1.00588
1.00589
1.0059
1.0059
1.00591
1.00591
1.00591
1.00592
1.00592
1.00592
1.00594
1.00594
1.00594
1.00594
1.00594
1.00595
1.00596
1.00601
1.00603
1.00604
1.00604
1.00605
1.00606
1.00607
1.00607
1.00607
1.00608
1.00608
1.00609
1.00609
1.0061
1.00611
1.00612
1.00613
1.00613
1.00614
1.00614
1.00615
1.00615
1.00615
1.00616
1.00616
1.00617
1.00618
1.00619
1.00622
1.00625
1.00625
1.00626
1.00627
1.00629
1.0063
1.0063
1.00631
1.00631
1.00632
1.00632
1.00633
1.00633
1.00633
1.00634
1.00634
1.00634
1.00634
1.00634
1.00635
1.00635
1.00636
1.00636
1.00637
1.00637
1.00638
1.00638
1.0064
1.0064
1.0064
1.00641
1.00641
1.00642
1.00642
1.00642
1.00642
1.00643
1.00644
1.00644
1.00644
1.00644
1.00645
1.00645
1.00646
1.00647
1.00647
1.00649
1.00649
1.00649
1.0065
1.0065
1.00652
1.00653
1.00653
1.00654
1.00655
1.00656
1.00656
1.00657
1.00657
1.00658
1.00658
1.00659
1.00661
1.00661
1.00661
1.00662
1.00662
1.00664
1.00664
1.00664
1.00664
1.00664
1.00665
1.00665
1.00667
1.00667
1.00668
1.00668
1.00668
1.00669
1.0067
1.0067
1.0067
1.0067
1.00671
1.00672
1.00672
1.00672
1.00673
1.00673
1.00674
1.00674
1.00675
1.00675
1.00675
1.00677
1.00677
1.00678
1.00678
1.00678
1.0068
1.00681
1.00682
1.00685
1.00685
1.00685
1.00686
1.00686
1.00686
1.00687
1.00688
1.00688
1.00688
1.00689
1.0069
1.0069
1.00691
1.00692
1.00692
1.00693
1.00693
1.00694
1.00695
1.00695
1.00697
1.00697
1.00698
1.007
1.007
1.007
1.00701
1.00702
1.00702
1.00704
1.00704
1.00705
1.00705
1.00706
1.00708
1.00711
1.00711
1.00712
1.00715
1.00715
1.00715
1.00715
1.00716
1.00716
1.00717
1.00719
1.0072
1.0072
1.0072
1.00721
1.00721
1.00722
1.00722
1.00723
1.00723
1.00723
1.00724
1.00725
1.00725
1.00726
1.00729
1.0073
1.00731
1.00731
1.00733
1.00733
1.00733
1.00733
1.00734
1.00734
1.00734
1.00735
1.00735
1.00736
1.00736
1.00737
1.00738
1.00739
1.00741
1.00741
1.00742
1.00742
1.00742
1.00742
1.00743
1.00744
1.00744
1.00745
1.00746
1.00749
1.0075
1.00751
1.00753
1.00753
1.00754
1.00754
1.00754
1.00755
1.00755
1.00755
1.00756
1.00757
1.00759
1.00759
1.00759
1.00761
1.00761
1.00761
1.00762
1.00762
1.00763
1.00764
1.00766
1.00766
1.00766
1.00767
1.00769
1.0077
1.0077
1.0077
1.0077
1.00771
1.00771
1.00771
1.00772
1.00772
1.00774
1.00774
1.00774
1.00775
1.00776
1.00776
1.00776
1.00777
1.00777
1.00778
1.00779
1.00779
1.0078
1.0078
1.0078
1.00782
1.00784
1.00784
1.00785
1.00785
1.00785
1.00786
1.00786
1.00787
1.00788
1.0079
1.0079
1.00792
1.00792
1.00793
1.00793
1.00794
1.00795
1.00796
1.00796
1.00798
1.00798
1.00799
1.00799
1.00799
1.008
1.00801
1.00801
1.00802
1.00802
1.00803
1.00803
1.00804
1.00804
1.00804
1.00805
1.00806
1.00806
1.00808
1.00808
1.00809
1.0081
1.00811
1.00811
1.00811
1.00812
1.00813
1.00813
1.00814
1.00814
1.00815
1.00816
1.00816
1.00817
1.00818
1.00818
1.00819
1.00819
1.0082
1.0082
1.00821
1.00822
1.00824
1.00824
1.00825
1.00825
1.00826
1.00828
1.00829
1.00829
1.0083
1.0083
1.0083
1.00831
1.00832
1.00832
1.00833
1.00833
1.00833
1.00835
1.00835
1.00836
1.00837
1.00838
1.00839
1.0084
1.0084
1.0084
1.00841
1.00841
1.00842
1.00842
1.00842
1.00843
1.00843
1.00843
1.00844
1.00844
1.00845
1.00846
1.00847
1.00847
1.00848
1.00848
1.00848
1.00849
1.0085
1.00851
1.00852
1.00852
1.00852
1.00852
1.00852
1.00852
1.00854
1.00854
1.00854
1.00855
1.00855
1.00856
1.00858
1.00858
1.0086
1.0086
1.00861
1.00863
1.00863
1.00864
1.00864
1.00865
1.00865
1.00866
1.00866
1.00866
1.00867
1.00867
1.00867
1.00871
1.00872
1.00873
1.00873
1.00874
1.00874
1.00874
1.00875
1.00875
1.00876
1.00877
1.00877
1.00877
1.00877
1.00878
1.00878
1.00878
1.00879
1.0088
1.00881
1.00881
1.00882
1.00882
1.00883
1.00883
1.00884
1.00885
1.00886
1.00886
1.00887
1.00887
1.00888
1.00888
1.00888
1.00889
1.0089
1.00892
1.00895
1.00897
1.00897
1.00898
1.00898
1.00898
1.00899
1.00899
1.00899
1.00899
1.009
1.009
1.009
1.00901
1.00901
1.00901
1.00902
1.00903
1.00904
1.00905
1.00905
1.00906
1.00906
1.00907
1.00908
1.00908
1.00908
1.00909
1.00909
1.00909
1.0091
1.0091
1.0091
1.00911
1.00911
1.00911
1.00912
1.00912
1.00913
1.00913
1.00914
1.00914
1.00915
1.00916
1.00916
1.00916
1.00917
1.00917
1.00919
1.0092
1.0092
1.0092
1.00921
1.00921
1.00922
1.00923
1.00923
1.00924
1.00926
1.00926
1.00928
1.00928
1.00929
1.00929
1.00929
1.00929
1.00929
1.00931
1.00931
1.00931
1.00935
1.00936
1.00936
1.00938
1.00938
1.00938
1.00939
1.00939
1.0094
1.00941
1.00942
1.00943
1.00943
1.00944
1.00944
1.00944
1.00945
1.00945
1.00947
1.00947
1.00948
1.00948
1.00949
1.0095
1.00951
1.00953
1.00953
1.00954
1.00956
1.00956
1.00958
1.00958
1.0096
1.00961
1.00961
1.00962
1.00963
1.00963
1.00963
1.00965
1.00965
1.00965
1.00966
1.00966
1.00967
1.00967
1.00967
1.00967
1.00968
1.00969
1.00969
1.0097
1.00971
1.00971
1.00971
1.00972
1.00972
1.00974
1.00974
1.00975
1.00975
1.00977
1.00977
1.00977
1.00978
1.00979
1.00979
1.0098
1.00981
1.00981
1.00982
1.00983
1.00983
1.00983
1.00983
1.00983
1.00984
1.00985
1.00985
1.00985
1.00986
1.00988
1.00988
1.00988
1.00989
1.00989
1.00992
1.00992
1.00992
1.00994
1.00994
1.00994
1.00995
1.00996
1.00996
1.00996
1.00996
1.00997
1.00997
1.00997
1.00999
1.00999
1.01001
1.01001
1.01002
1.01003
1.01003
1.01006
1.01007
1.01007
1.01007
1.01007
1.01008
1.01011
1.01011
1.01013
1.01013
1.01015
1.01016
1.01017
1.01017
1.01017
1.01018
1.01019
1.01021
1.01022
1.01024
1.01024
1.01027
1.01027
1.01028
1.01028
1.01028
1.01029
1.0103
1.0103
1.0103
1.01031
1.01032
1.01035
1.01036
1.01037
1.01038
1.01038
1.01039
1.0104
1.01042
1.01043
1.01043
1.01043
1.01043
1.01044
1.01044
1.01045
1.01046
1.01048
1.01049
1.01049
1.0105
1.0105
1.01051
1.01053
1.01053
1.01054
1.01054
1.01055
1.01056
1.01058
1.01059
1.01059
1.0106
1.01061
1.01062
1.01063
1.01064
1.01064
1.01065
1.01066
1.01067
1.01067
1.01068
1.01071
1.01072
1.01073
1.01074
1.01074
1.01074
1.01075
1.01075
1.01076
1.01076
1.01076
1.01077
1.01079
1.01079
1.01079
1.0108
1.0108
1.01081
1.01081
1.01084
1.01084
1.01084
1.01086
1.01087
1.01087
1.01088
1.01089
1.0109
1.0109
1.01091
1.01091
1.01092
1.01092
1.01092
1.01092
1.01093
1.01093
1.01094
1.01095
1.01095
1.01096
1.01097
1.01097
1.01098
1.011
1.011
1.01101
1.01101
1.01105
1.01105
1.01106
1.01106
1.01107
1.01108
1.01108
1.0111
1.0111
1.0111
1.01111
1.01111
1.01112
1.01113
1.01113
1.01114
1.01114
1.01115
1.01116
1.01116
1.01118
1.01118
1.0112
1.01123
1.01124
1.01125
1.01126
1.01126
1.01128
1.01128
1.01128
1.0113
1.0113
1.01131
1.01132
1.01133
1.01133
1.01134
1.01135
1.01135
1.01135
1.01136
1.01136
1.01137
1.01137
1.01138
1.01138
1.0114
1.0114
1.01141
1.01142
1.01142
1.01144
1.01145
1.01145
1.01145
1.01146
1.01147
1.01148
1.01148
1.01148
1.01148
1.01148
1.01149
1.0115
1.0115
1.0115
1.0115
1.01151
1.01151
1.01152
1.01152
1.01152
1.01153
1.01153
1.01153
1.01154
1.01154
1.01154
1.01156
1.01157
1.01157
1.01158
1.01158
1.0116
1.01161
1.01163
1.01163
1.01163
1.01164
1.01164
1.01165
1.01167
1.01167
1.01168
1.01168
1.01171
1.01171
1.01172
1.01172
1.01173
1.01173
1.01173
1.01175
1.01175
1.01176
1.01176
1.01178
1.01178
1.01179
1.01179
1.0118
1.0118
1.01181
1.01182
1.01183
1.01185
1.01186
1.01187
1.01187
1.01188
1.01189
1.01189
1.01189
1.0119
1.01191
1.01192
1.01193
1.01194
1.01194
1.01194
1.01197
1.01197
1.01198
1.01198
1.01199
1.01199
1.012
1.01202
1.01202
1.01203
1.01203
1.01203
1.01204
1.01204
1.01204
1.01206
1.01207
1.01208
1.01208
1.01209
1.0121
1.0121
1.01211
1.01211
1.01212
1.01215
1.01216
1.01216
1.01216
1.01216
1.01216
1.01217
1.01217
1.0122
1.01221
1.01221
1.01222
1.01222
1.01223
1.01223
1.01224
1.01225
1.01225
1.01225
1.01226
1.01227
1.01228
1.01228
1.01229
1.0123
1.0123
1.0123
1.01231
1.01231
1.01232
1.01232
1.01233
1.01233
1.01233
1.01233
1.01237
1.0124
1.0124
1.01241
1.01241
1.01241
1.01243
1.01245
1.01246
1.01248
1.01248
1.01249
1.01249
1.01249
1.0125
1.0125
1.0125
1.01251
1.01252
1.01252
1.01253
1.01255
1.01255
1.01256
1.01257
1.01258
1.01259
1.0126
1.01261
1.01262
1.01262
1.01262
1.01264
1.01264
1.01267
1.01268
1.01269
1.01269
1.0127
1.0127
1.01271
1.01272
1.01272
1.01274
1.01274
1.01274
1.01276
1.01276
1.01278
1.01278
1.01278
1.01278
1.0128
1.01281
1.01283
1.01284
1.01284
1.01288
1.01288
1.01288
1.01289
1.01289
1.01289
1.0129
1.01291
1.01291
1.01291
1.01291
1.01292
1.01293
1.01295
1.01296
1.01296
1.01298
1.01298
1.01299
1.013
1.01301
1.01302
1.01303
1.01303
1.01303
1.01304
1.01306
1.01309
1.01309
1.0131
1.01311
1.01311
1.01311
1.01311
1.01313
1.01313
1.01313
1.01314
1.01314
1.01316
1.01316
1.01316
1.01317
1.01318
1.01318
1.01319
1.01319
1.01319
1.01321
1.01321
1.01322
1.01323
1.01323
1.01323
1.01324
1.01325
1.01325
1.01326
1.01329
1.01329
1.01331
1.01331
1.01331
1.01332
1.01334
1.01334
1.01336
1.01336
1.01336
1.01336
1.01337
1.01338
1.01339
1.01339
1.01339
1.0134
1.01341
1.01341
1.01342
1.01342
1.01342
1.01343
1.01343
1.01343
1.01343
1.01343
1.01344
1.01344
1.01344
1.01346
1.01346
1.01346
1.01348
1.01349
1.0135
1.0135
1.0135
1.01351
1.01351
1.01351
1.01352
1.01353
1.01353
1.01353
1.01354
1.01354
1.01355
1.01355
1.01356
1.01356
1.01358
1.01358
1.0136
1.0136
1.01363
1.01363
1.01363
1.01365
1.01365
1.01366
1.01367
1.01367
1.01367
1.01368
1.01368
1.01368
1.01369
1.0137
1.0137
1.0137
1.0137
1.01372
1.01372
1.01372
1.01374
1.01375
1.01375
1.01377
1.01379
1.0138
1.01381
1.01382
1.01383
1.01384
1.01386
1.01387
1.01387
1.01391
1.01391
1.01391
1.01392
1.01393
1.01393
1.01394
1.01395
1.01396
1.01396
1.01396
1.01396
1.01396
1.01399
1.01399
1.01399
1.01401
1.01401
1.01402
1.01403
1.01404
1.01405
1.01406
1.01409
1.01411
1.01413
1.01413
1.01414
1.01415
1.01415
1.01415
1.01416
1.01418
1.01418
1.01421
1.01423
1.01423
1.01423
1.01424
1.01424
1.01424
1.01425
1.01425
1.01426
1.01426
1.01428
1.01428
1.01429
1.01431
1.01433
1.01433
1.01434
1.01435
1.01435
1.01436
1.01436
1.01437
1.01438
1.01439
1.01439
1.0144
1.0144
1.01441
1.01441
1.01443
1.01445
1.01446
1.01448
1.01448
1.0145
1.0145
1.01451
1.01451
1.01453
1.01453
1.01454
1.01454
1.01454
1.01455
1.01455
1.01455
1.01458
1.01458
1.01459
1.01459
1.0146
1.01461
1.01462
1.01463
1.01463
1.01464
1.01467
1.01467
1.01467
1.01469
1.01469
1.01469
1.01469
1.0147
1.01474
1.01474
1.01474
1.01474
1.01475
1.01476
1.01479
1.01481
1.01481
1.01482
1.01482
1.01482
1.01483
1.01483
1.01484
1.01485
1.01486
1.01487
1.01488
1.01489
1.0149
1.0149
1.01491
1.01491
1.01493
1.01494
1.01495
1.01498
1.01498
1.01499
1.01499
1.01499
1.01499
1.015
1.015
1.01501
1.01502
1.01502
1.01503
1.01503
1.01503
1.01504
1.01504
1.01506
1.01506
1.01506
1.01506
1.01507
1.01507
1.01508
1.01509
1.01509
1.01509
1.0151
1.0151
1.0151
1.01511
1.01511
1.01511
1.01511
1.01512
1.01512
1.01513
1.01513
1.01515
1.01516
1.01517
1.01517
1.01517
1.01517
1.01518
1.0152
1.01521
1.01521
1.01521
1.01521
1.01522
1.01523
1.01523
1.01525
1.01526
1.01529
1.0153
1.0153
1.01531
1.01532
1.01532
1.01533
1.01534
1.01534
1.01535
1.01535
1.01536
1.01538
1.01538
1.01539
1.01539
1.01539
1.0154
1.01542
1.01543
1.01543
1.01543
1.01544
1.01544
1.01545
1.01545
1.01546
1.01546
1.01547
1.01548
1.01549
1.01549
1.01549
1.01549
1.0155
1.01551
1.01551
1.01552
1.01552
1.01552
1.01553
1.01554
1.01554
1.01555
1.01556
1.01556
1.01556
1.01557
1.01559
1.01559
1.01559
1.0156
1.01561
1.01561
1.01562
1.01564
1.01564
1.01565
1.01566
1.01566
1.01566
1.01566
1.01566
1.01567
1.01568
1.01568
1.0157
1.01571
1.01571
1.01571
1.01574
1.01574
1.01575
1.01576
1.01577
1.01577
1.01579
1.01579
1.01579
1.0158
1.0158
1.0158
1.01582
1.01583
1.01583
1.01584
1.01584
1.01585
1.01585
1.01586
1.01586
1.01586
1.01586
1.01587
1.01588
1.01589
1.0159
1.0159
1.01591
1.01591
1.01591
1.01592
1.01592
1.01593
1.01594
1.01595
1.01596
1.01597
1.01597
1.01599
1.01599
1.01599
1.01599
1.01602
1.01603
1.01604
1.01605
1.01605
1.01605
1.01606
1.01608
1.01612
1.01612
1.01612
1.01613
1.01616
1.01617
1.01617
1.01618
1.01619
1.01619
1.01621
1.01621
1.01622
1.01622
1.01622
1.01623
1.01623
1.01624
1.01624
1.01625
1.01625
1.01627
1.01627
1.01628
1.01628
1.01628
1.01629
1.01629
1.0163
1.0163
1.0163
1.01631
1.01632
1.01632
1.01632
1.01633
1.01633
1.01634
1.01635
1.01635
1.01636
1.01637
1.01637
1.01638
1.01638
1.01639
1.01639
1.01639
1.01639
1.0164
1.01641
1.01641
1.01641
1.01643
1.01643
1.01643
1.01644
1.01645
1.01648
1.01648
1.01649
1.0165
1.0165
1.01651
1.01652
1.01652
1.01653
1.01657
1.01657
1.01658
1.01659
1.0166
1.0166
1.01661
1.01662
1.01663
1.01663
1.01663
1.01664
1.01664
1.01665
1.01667
1.01667
1.01667
1.01668
1.01669
1.0167
1.0167
1.01671
1.01671
1.01672
1.01674
1.01675
1.01676
1.01677
1.01678
1.01679
1.01679
1.0168
1.01681
1.01681
1.01682
1.01683
1.01683
1.01684
1.01684
1.01684
1.01686
1.01686
1.01687
1.01687
1.01688
1.01688
1.0169
1.0169
1.0169
1.01691
1.01692
1.01692
1.01692
1.01696
1.01696
1.01696
1.01696
1.01697
1.01697
1.01698
1.01699
1.01699
1.01699
1.017
1.01701
1.01702
1.01702
1.01703
1.01704
1.01704
1.01706
1.01708
1.01708
1.0171
1.0171
1.01711
1.01712
1.01712
1.01714
1.01714
1.01714
1.01714
1.01716
1.01717
1.01717
1.01718
1.01719
1.0172
1.01721
1.01721
1.01721
1.01721
1.01722
1.01723
1.01724
1.01725
1.01725
1.01726
1.01727
1.01728
1.01728
1.01729
1.0173
1.01731
1.01732
1.01732
1.01732
1.01733
1.01734
1.01735
1.01736
1.01737
1.01737
1.01738
1.01738
1.01738
1.01739
1.0174
1.0174
1.01744
1.01745
1.01745
1.01745
1.01745
1.01746
1.01746
1.01751
1.01754
1.01755
1.01757
1.01757
1.01757
1.01758
1.0176
1.0176
1.01761
1.01762
1.01762
1.01762
1.01763
1.01765
1.01765
1.01766
1.01766
1.01766
1.01767
1.01767
1.01768
1.01768
1.01768
1.01768
1.0177
1.01771
1.01771
1.01772
1.01774
1.01774
1.01775
1.01775
1.01776
1.01777
1.01778
1.01778
1.01778
1.01778
1.0178
1.01782
1.01782
1.01782
1.01782
1.01783
1.01783
1.01783
1.01784
1.01785
1.01786
1.01788
1.01788
1.01788
1.01789
1.01789
1.01789
1.0179
1.0179
1.0179
1.0179
1.01792
1.01793
1.01793
1.01795
1.01795
1.01796
1.01796
1.01796
1.01796
1.01797
1.01798
1.01798
1.01798
1.01799
1.01799
1.01799
1.01799
1.01799
1.01801
1.01802
1.01804
1.01805
1.01806
1.01806
1.01807
1.01807
1.01808
1.0181
1.0181
1.01812
1.01812
1.01812
1.01813
1.01814
1.01815
1.01815
1.01815
1.01816
1.01817
1.01821
1.01822
1.01822
1.01823
1.01823
1.01823
1.01823
1.01824
1.01824
1.01824
1.01825
1.01826
1.01828
1.01828
1.01828
1.01829
1.01832
1.01833
1.01833
1.01834
1.01835
1.01835
1.01835
1.01836
1.01837
1.01838
1.01839
1.0184
1.0184
1.0184
1.01842
1.01842
1.01842
1.01843
1.01843
1.01844
1.01844
1.01845
1.01845
1.01845
1.01846
1.01846
1.01848
1.01848
1.01848
1.01849
1.0185
1.0185
1.0185
1.0185
1.01853
1.01854
1.01855
1.01855
1.01855
1.01856
1.01857
1.01858
1.01858
1.01859
1.01859
1.01859
1.0186
1.01862
1.01862
1.01862
1.01862
1.01862
1.01863
1.01864
1.01864
1.01865
1.01866
1.01866
1.01868
1.01868
1.01868
1.01872
1.01872
1.01873
1.01873
1.01874
1.01874
1.01874
1.01875
1.01875
1.01875
1.01875
1.01876
1.01879
1.01881
1.01881
1.01883
1.01883
1.01885
1.01885
1.01886
1.01886
1.01886
1.01888
1.01888
1.01891
1.01892
1.01893
1.01894
1.01897
1.01899
1.019
1.01901
1.01902
1.01903
1.01904
1.01905
1.01905
1.01907
1.01908
1.01908
1.01909
1.01909
1.01911
1.01913
1.01914
1.01915
1.01916
1.01918
1.01919
1.01921
1.01921
1.01922
1.01923
1.01924
1.01924
1.01925
1.01925
1.01927
1.01928
1.01929
1.0193
1.0193
1.01932
1.01933
1.01934
1.01934
1.01936
1.01937
1.01937
1.01938
1.01938
1.01939
1.01939
1.0194
1.01942
1.01943
1.01943
1.01944
1.01945
1.01945
1.01946
1.01946
1.01947
1.01948
1.01948
1.01948
1.01949
1.01952
1.01953
1.01954
1.01954
1.01955
1.01955
1.01955
1.01956
1.01956
1.01956
1.01957
1.01957
1.01959
1.01959
1.01959
1.01961
1.01962
1.01963
1.01964
1.01964
1.01964
1.01964
1.01965
1.01966
1.01966
1.01966
1.01966
1.01967
1.01968
1.01969
1.01969
1.0197
1.0197
1.0197
1.0197
1.0197
1.01972
1.01973
1.01973
1.01974
1.01975
1.01976
1.01977
1.01978
1.01978
1.01979
1.01979
1.0198
1.0198
1.01983
1.01984
1.01984
1.01985
1.01988
1.01988
1.01989
1.01989
1.0199
1.0199
1.01991
1.01991
1.01992
1.01993
1.01994
1.01994
1.01995
1.01995
1.01998
1.01998
1.02
1.02
1.02
1.02
1.02
1.02
1.02
1.02003
1.02003
1.02006
1.02007
1.02009
1.02009
1.0201
1.02012
1.02012
1.02014
1.02017
1.02018
1.02018
1.02018
1.02019
1.02019
1.02019
1.02019
1.02019
1.0202
1.0202
1.02022
1.02023
1.02025
1.02026
1.02026
1.02028
1.02029
1.0203
1.02031
1.02031
1.02031
1.02032
1.02034
1.02034
1.02034
1.02034
1.02036
1.02036
1.02037
1.02038
1.02038
1.02039
1.02039
1.0204
1.0204
1.0204
1.0204
1.0204
1.02043
1.02043
1.02043
1.02045
1.02047
1.02047
1.02048
1.0205
1.0205
1.02051
1.02053
1.02053
1.02054
1.02055
1.02055
1.02056
1.02056
1.02059
1.02059
1.02059
1.02061
1.02063
1.02064
1.02064
1.02065
1.02067
1.02069
1.02069
1.0207
1.02071
1.02072
1.02072
1.02072
1.02074
1.02074
1.02076
1.02077
1.02078
1.02081
1.02081
1.02082
1.02083
1.02083
1.02084
1.02084
1.02084
1.02085
1.02086
1.02088
1.02091
1.02092
1.02093
1.02095
1.02096
1.02097
1.02098
1.02099
1.02099
1.02102
1.02105
1.02107
1.02108
1.02108
1.02109
1.02109
1.02112
1.02112
1.02112
1.02113
1.02113
1.02113
1.02113
1.02114
1.02114
1.02114
1.02115
1.02117
1.02118
1.02119
1.02119
1.02121
1.02121
1.02122
1.02123
1.02123
1.02124
1.02125
1.02126
1.02126
1.02126
1.02126
1.02127
1.02127
1.02128
1.02131
1.02131
1.02131
1.02131
1.02135
1.02135
1.02135
1.02136
1.02136
1.02138
1.02138
1.02139
1.0214
1.0214
1.02141
1.02141
1.02143
1.02144
1.02146
1.02146
1.02149
1.0215
1.02154
1.02155
1.02159
1.0216
1.0216
1.0216
1.02161
1.02161
1.02162
1.02162
1.02163
1.02164
1.02165
1.02165
1.02166
1.02167
1.02169
1.0217
1.02172
1.02172
1.02173
1.02173
1.02176
1.02176
1.02177
1.02178
1.02178
1.02179
1.0218
1.02181
1.02181
1.02183
1.02185
1.02186
1.02186
1.02188
1.02188
1.02189
1.02191
1.02193
1.02193
1.02194
1.02194
1.02197
1.02198
1.022
1.022
1.022
1.022
1.02202
1.02203
1.02204
1.02204
1.02205
1.02206
1.02207
1.02207
1.0221
1.02211
1.02211
1.02215
1.02215
1.02215
1.02216
1.02216
1.02221
1.02225
1.02225
1.02225
1.02225
1.02226
1.02226
1.02229
1.02229
1.0223
1.0223
1.02231
1.02232
1.02234
1.02235
1.02236
1.02236
1.02236
1.02236
1.02236
1.02237
1.02238
1.02238
1.02239
1.0224
1.0224
1.02241
1.02243
1.02243
1.02243
1.02244
1.02245
1.02248
1.02249
1.0225
1.02254
1.02255
1.02257
1.02257
1.02257
1.02258
1.02258
1.02258
1.02258
1.02259
1.0226
1.0226
1.0226
1.02261
1.02261
1.02263
1.02264
1.02265
1.02265
1.02268
1.0227
1.0227
1.02271
1.02271
1.02272
1.02273
1.02274
1.02275
1.02276
1.02277
1.02278
1.02278
1.0228
1.02281
1.02281
1.02284
1.02286
1.02289
1.02291
1.02293
1.02296
1.02296
1.02298
1.02301
1.02303
1.02303
1.02304
1.02304
1.02304
1.02304
1.02304
1.02306
1.02306
1.02307
1.02311
1.02312
1.02313
1.02313
1.02313
1.02313
1.02314
1.02314
1.02315
1.02315
1.02316
1.02317
1.02317
1.02318
1.02318
1.0232
1.02322
1.02323
1.02326
1.02329
1.0233
1.0233
1.02331
1.02332
1.02334
1.02337
1.02338
1.02341
1.02342
1.02342
1.02342
1.02343
1.02343
1.02346
1.02347
1.02351
1.02353
1.02353
1.02354
1.02354
1.02358
1.02359
1.0236
1.02361
1.02361
1.02362
1.02363
1.02364
1.02371
1.02371
1.02372
1.02374
1.02375
1.02376
1.02376
1.02377
1.02382
1.02382
1.02386
1.02387
1.02388
1.02388
1.02388
1.02389
1.02389
1.0239
1.02392
1.02392
1.02392
1.02395
1.02397
1.02397
1.02397
1.02397
1.02398
1.02399
1.024
1.024
1.02402
1.02402
1.02403
1.02403
1.02404
1.02405
1.02405
1.02407
1.02407
1.02408
1.0241
1.02411
1.02412
1.02413
1.02415
1.02416
1.02417
1.02417
1.02417
1.02418
1.0242
1.0242
1.02423
1.02424
1.02426
1.02426
1.02426
1.02428
1.02429
1.02431
1.02431
1.02432
1.02432
1.02433
1.02433
1.02434
1.02435
1.02435
1.02437
1.02437
1.02438
1.0244
1.0244
1.0244
1.02442
1.02444
1.02445
1.02445
1.02446
1.02446
1.02447
1.02451
1.02452
1.02452
1.02453
1.02455
1.02456
1.02456
1.02458
1.02459
1.02461
1.02461
1.02462
1.02463
1.02464
1.02464
1.02465
1.02465
1.02466
1.02466
1.02466
1.02469
1.0247
1.02471
1.02471
1.02472
1.02475
1.02478
1.02478
1.02479
1.02481
1.02481
1.02482
1.02486
1.02486
1.02489
1.02497
1.02499
1.02499
1.02501
1.02503
1.02504
1.02504
1.02505
1.02505
1.02506
1.02508
1.02508
1.02511
1.02512
1.02512
1.02514
1.02514
1.02515
1.02515
1.02517
1.02517
1.02519
1.02519
1.0252
1.02521
1.02522
1.02523
1.02526
1.02528
1.02531
1.02531
1.02533
1.02534
1.02534
1.02535
1.02535
1.02536
1.02536
1.02537
1.0254
1.02542
1.02543
1.02543
1.02544
1.02544
1.02544
1.02545
1.02545
1.02545
1.02545
1.02546
1.02547
1.02549
1.02551
1.02551
1.02551
1.02551
1.02552
1.02553
1.02554
1.02556
1.02561
1.02562
1.02562
1.02562
1.02565
1.02565
1.02566
1.02567
1.02571
1.02572
1.02572
1.02573
1.02573
1.02574
1.02574
1.02577
1.02578
1.02581
1.02586
1.02586
1.02589
1.02591
1.02592
1.02592
1.02595
1.02596
1.02597
1.02597
1.02599
1.026
1.02603
1.02603
1.02604
1.02604
1.02605
1.02605
1.02606
1.02606
1.02606
1.02606
1.02607
1.02607
1.02608
1.0261
1.02611
1.02611
1.02611
1.02612
1.02613
1.02613
1.02614
1.02614
1.02615
1.02615
1.02616
1.02617
1.02619
1.0262
1.02621
1.02622
1.02622
1.02626
1.02628
1.02628
1.02629
1.02629
1.02629
1.02636
1.02636
1.02639
1.02641
1.02642
1.02643
1.02644
1.02644
1.02644
1.02645
1.02647
1.02647
1.02653
1.02654
1.02654
1.02654
1.02654
1.02656
1.02657
1.02658
1.02662
1.02662
1.02663
1.02663
1.02663
1.02664
1.02665
1.02666
1.02668
1.02668
1.02668
1.02669
1.02669
1.02669
1.0267
1.02671
1.02672
1.02675
1.02678
1.0268
1.0268
1.0268
1.02681
1.02682
1.02682
1.02682
1.02685
1.02685
1.02685
1.02686
1.02686
1.02686
1.02686
1.02686
1.02687
1.02691
1.02692
1.02692
1.02693
1.02693
1.02693
1.02694
1.02694
1.02696
1.02697
1.02699
1.02701
1.02701
1.02701
1.02702
1.02703
1.02704
1.02705
1.02706
1.02708
1.02709
1.0271
1.02711
1.02711
1.02712
1.02713
1.02713
1.02714
1.02715
1.02717
1.02718
1.02718
1.02719
1.02719
1.02722
1.02722
1.02723
1.02724
1.02724
1.02725
1.02725
1.02727
1.02728
1.0273
1.02732
1.02733
1.02733
1.02734
1.02736
1.02741
1.02741
1.02741
1.02744
1.02745
1.02749
1.0275
1.02751
1.02751
1.02753
1.02754
1.02757
1.02758
1.02758
1.02758
1.0276
1.02762
1.02766
1.02766
1.02766
1.02767
1.02767
1.02768
1.0277
1.02771
1.02771
1.02778
1.02779
1.02782
1.02783
1.02783
1.02784
1.02784
1.02785
1.02785
1.02786
1.0279
1.02791
1.02792
1.02792
1.02793
1.02794
1.02794
1.02795
1.02796
1.02797
1.02801
1.02801
1.02801
1.02801
1.02801
1.02806
1.02808
1.02811
1.02812
1.02812
1.02814
1.02816
1.02817
1.02818
1.02819
1.02819
1.02819
1.02821
1.02821
1.02822
1.02823
1.02823
1.02824
1.02824
1.02825
1.02826
1.02827
1.02827
1.02827
1.02828
1.02829
1.02829
1.0283
1.0283
1.02831
1.02831
1.02832
1.02832
1.02833
1.02834
1.02834
1.02835
1.02835
1.02837
1.02837
1.02838
1.02838
1.0284
1.02841
1.02842
1.02843
1.02845
1.02846
1.02847
1.02849
1.02849
1.02849
1.02851
1.02852
1.02854
1.02854
1.02856
1.02858
1.02861
1.02862
1.02863
1.02864
1.02866
1.02867
1.02867
1.02868
1.02869
1.02872
1.02873
1.02875
1.02876
1.02876
1.02877
1.02879
1.02879
1.02881
1.02882
1.02884
1.02884
1.02886
1.02886
1.02886
1.02888
1.02892
1.02893
1.02893
1.02894
1.02895
1.02896
1.02899
1.029
1.02901
1.02904
1.02904
1.02904
1.02904
1.02905
1.02905
1.02908
1.02908
1.02911
1.02912
1.02913
1.02916
1.02918
1.02918
1.02919
1.0292
1.02923
1.02923
1.02924
1.02925
1.02926
1.02928
1.0293
1.02931
1.02931
1.02931
1.02934
1.02935
1.02936
1.02939
1.0294
1.0294
1.02942
1.02942
1.02944
1.02946
1.02946
1.02947
1.02948
1.02949
1.02949
1.02949
1.0295
1.02951
1.02951
1.02952
1.02954
1.02955
1.02956
1.02958
1.02958
1.02958
1.0296
1.02961
1.02966
1.0297
1.0297
1.02972
1.02973
1.02975
1.02978
1.02979
1.02981
1.02982
1.02984
1.02984
1.02984
1.02986
1.02988
1.02988
1.02988
1.02988
1.02989
1.02992
1.02994
1.02994
1.02994
1.02997
1.02997
1.02997
1.02997
1.02999
1.02999
1.03
1.03005
1.03005
1.03006
1.03008
1.03009
1.03011
1.03012
1.03015
1.03015
1.03016
1.03017
1.03023
1.03024
1.03024
1.03024
1.03026
1.03028
1.03029
1.0303
1.03032
1.03034
1.03034
1.03035
1.0304
1.0304
1.0304
1.03044
1.03044
1.03047
1.03048
1.0305
1.03051
1.03052
1.03053
1.03055
1.03057
1.03057
1.03057
1.03057
1.03062
1.03062
1.03062
1.03063
1.03065
1.03068
1.03071
1.03073
1.03075
1.03076
1.0308
1.0308
1.03081
1.03081
1.03081
1.03083
1.03084
1.03085
1.03086
1.03089
1.0309
1.03092
1.03093
1.03095
1.031
1.03102
1.03103
1.03103
1.03104
1.03105
1.03107
1.03109
1.03109
1.0311
1.0311
1.03111
1.03112
1.03114
1.03115
1.03115
1.03116
1.03116
1.0312
1.03121
1.03128
1.03128
1.03131
1.03133
1.03133
1.03133
1.03135
1.03136
1.03137
1.03137
1.03138
1.03139
1.03139
1.0314
1.03146
1.03149
1.03151
1.03151
1.03152
1.03153
1.03153
1.03157
1.03159
1.03159
1.0316
1.03161
1.03161
1.03163
1.03163
1.03166
1.03167
1.03172
1.03173
1.03175
1.03175
1.03175
1.03175
1.03176
1.03176
1.03178
1.03179
1.03179
1.03182
1.03185
1.03186
1.03187
1.03193
1.03193
1.03194
1.03196
1.03199
1.032
1.032
1.03201
1.03203
1.03203
1.03205
1.03209
1.03211
1.03214
1.03214
1.03215
1.03215
1.03216
1.03217
1.03217
1.03217
1.03217
1.0322
1.03225
1.03225
1.0323
1.0323
1.03233
1.03236
1.03237
1.0324
1.03241
1.03243
1.03243
1.03246
1.03247
1.03247
1.03249
1.03251
1.03252
1.03253
1.03253
1.03253
1.03254
1.03254
1.03255
1.03255
1.03256
1.03257
1.03259
1.0326
1.0326
1.03261
1.03262
1.03265
1.03265
1.03265
1.03267
1.03268
1.0327
1.03274
1.03276
1.03278
1.03278
1.03279
1.03281
1.03282
1.03283
1.03284
1.03284
1.03284
1.03288
1.03289
1.0329
1.03294
1.03295
1.03295
1.03296
1.03296
1.03298
1.03301
1.03301
1.03303
1.03304
1.03307
1.03309
1.03311
1.03313
1.03315
1.03322
1.03323
1.03323
1.03324
1.03324
1.03324
1.03326
1.03327
1.03327
1.03328
1.03329
1.0333
1.03331
1.03335
1.03336
1.03337
1.03342
1.03342
1.03343
1.03345
1.03352
1.03354
1.03357
1.03358
1.03358
1.0336
1.03365
1.03368
1.03369
1.03369
1.0337
1.03371
1.03371
1.03372
1.03374
1.03375
1.03382
1.03384
1.03386
1.0339
1.03392
1.03392
1.03393
1.03394
1.03396
1.03396
1.03399
1.034
1.03405
1.03406
1.03408
1.03409
1.0341
1.03411
1.03412
1.03414
1.03415
1.03416
1.03416
1.03422
1.03423
1.03423
1.03424
1.03425
1.03427
1.03428
1.03428
1.03428
1.03429
1.0343
1.0343
1.03434
1.03437
1.03439
1.03439
1.03444
1.03445
1.03446
1.03447
1.03448
1.03454
1.03457
1.03458
1.03459
1.03461
1.03462
1.03463
1.03464
1.03469
1.03471
1.03471
1.03472
1.03473
1.03474
1.03475
1.03476
1.03476
1.0348
1.03485
1.03486
1.03487
1.03487
1.03488
1.03489
1.03493
1.03493
1.03493
1.03497
1.03498
1.03506
1.03508
1.0351
1.03513
1.03513
1.03517
1.03518
1.03518
1.03521
1.03522
1.03524
1.03524
1.03525
1.03529
1.03532
1.03533
1.03534
1.03535
1.03536
1.03537
1.03538
1.03539
1.03544
1.03544
1.03545
1.03546
1.03548
1.0355
1.03552
1.03553
1.03555
1.03556
1.03556
1.03564
1.03564
1.03564
1.03567
1.03568
1.03569
1.03572
1.03575
1.03575
1.03577
1.0358
1.03583
1.03585
1.03594
1.03594
1.03594
1.03599
1.03603
1.03603
1.03605
1.03605
1.03606
1.03606
1.03607
1.03609
1.03612
1.03613
1.03613
1.03614
1.03615
1.03617
1.03617
1.03618
1.03621
1.03622
1.03623
1.03625
1.03626
1.03627
1.03628
1.03632
1.03632
1.03634
1.03638
1.03639
1.03639
1.03642
1.03644
1.03645
1.03646
1.03648
1.0365
1.0365
1.03653
1.03656
1.03658
1.03658
1.03661
1.03662
1.03665
1.03665
1.03666
1.03668
1.03668
1.03669
1.0367
1.03671
1.03673
1.03674
1.03675
1.03676
1.0368
1.03681
1.03682
1.03685
1.03686
1.03687
1.03691
1.03692
1.03693
1.03695
1.03701
1.03702
1.03705
1.03707
1.03708
1.03711
1.03715
1.03715
1.03718
1.03721
1.03722
1.03724
1.03725
1.03725
1.03729
1.03731
1.03731
1.03731
1.03731
1.03732
1.03733
1.03733
1.03733
1.03735
1.03737
1.03738
1.03741
1.03742
1.03742
1.03744
1.03746
1.03746
1.03746
1.03749
1.03751
1.03751
1.03752
1.03754
1.03755
1.03761
1.03762
1.03762
1.03763
1.03763
1.03765
1.03769
1.03777
1.03778
1.03781
1.03782
1.03783
1.03784
1.03788
1.03788
1.03788
1.03789
1.03793
1.03795
1.03796
1.03798
1.038
1.03806
1.03807
1.03811
1.03812
1.03812
1.03813
1.03814
1.03815
1.03817
1.03818
1.03819
1.03821
1.03822
1.03823
1.03827
1.0383
1.03835
1.03837
1.03837
1.03838
1.03839
1.03842
1.03844
1.03844
1.03846
1.03848
1.03848
1.03849
1.0385
1.03854
1.03855
1.03861
1.03861
1.03862
1.03862
1.03865
1.03866
1.03866
1.03868
1.03871
1.03871
1.03874
1.03874
1.03875
1.03875
1.03877
1.03878
1.03879
1.03879
1.03881
1.03882
1.03883
1.03885
1.03887
1.03889
1.03889
1.03889
1.03892
1.03892
1.03893
1.03894
1.03897
1.03899
1.03902
1.03903
1.03905
1.03908
1.03908
1.03909
1.03916
1.03918
1.03918
1.03918
1.0392
1.03922
1.03923
1.03926
1.03928
1.0393
1.03931
1.03943
1.03943
1.03945
1.03945
1.03946
1.03949
1.0395
1.03953
1.03953
1.03956
1.03959
1.0396
1.03962
1.03962
1.03965
1.03965
1.03967
1.03969
1.0397
1.03972
1.03974
1.03979
1.03979
1.03981
1.03983
1.0399
1.03994
1.03996
1.04001
1.04001
1.04006
1.04007
1.04013
1.04016
1.0402
1.04022
1.04023
1.04025
1.04027
1.04028
1.04029
1.0403
1.0403
1.04031
1.04035
1.04035
1.04036
1.04041
1.04045
1.04047
1.04047
1.04048
1.04051
1.04066
1.04067
1.04067
1.04068
1.04068
1.04069
1.04074
1.04074
1.04075
1.04079
1.04079
1.0408
1.04082
1.04084
1.04085
1.04086
1.04089
1.04089
1.04089
1.04093
1.04093
1.04094
1.04098
1.04106
1.04114
1.04114
1.04121
1.04124
1.04126
1.04127
1.04127
1.04129
1.0413
1.04131
1.04135
1.04136
1.04138
1.04138
1.04139
1.04139
1.04143
1.04144
1.04149
1.04151
1.04152
1.04154
1.04158
1.0416
1.04164
1.04165
1.04165
1.04167
1.04171
1.04174
1.04174
1.04177
1.04181
1.04183
1.04183
1.04184
1.04184
1.04188
1.0419
1.04194
1.04195
1.04197
1.04198
1.042
1.04201
1.04204
1.04207
1.04209
1.0421
1.04212
1.04214
1.04215
1.04218
1.0422
1.04222
1.04222
1.04225
1.04226
1.04228
1.04231
1.04236
1.04239
1.04239
1.0424
1.0424
1.04242
1.04242
1.04246
1.04247
1.04247
1.04247
1.04248
1.0425
1.04256
1.04256
1.0426
1.04261
1.04261
1.04261
1.04264
1.0427
1.04272
1.04277
1.04279
1.04281
1.04285
1.04286
1.04292
1.04304
1.04309
1.04309
1.04313
1.04313
1.04316
1.04317
1.04318
1.0432
1.04322
1.04323
1.04335
1.04339
1.04341
1.04341
1.04343
1.04343
1.04354
1.04356
1.0436
1.0436
1.04362
1.04362
1.04362
1.04369
1.0437
1.04371
1.04371
1.04374
1.04376
1.04377
1.04383
1.04384
1.04387
1.04389
1.0439
1.04393
1.04395
1.04396
1.04401
1.04403
1.04404
1.04408
1.04411
1.04412
1.04414
1.0442
1.04421
1.04421
1.04422
1.04422
1.04423
1.04423
1.04427
1.04427
1.04428
1.0443
1.04431
1.04436
1.04437
1.04439
1.04439
1.04449
1.04454
1.04456
1.04461
1.04461
1.04466
1.04469
1.04473
1.04476
1.04478
1.0448
1.04485
1.04488
1.04489
1.0449
1.04494
1.04497
1.04505
1.0451
1.0451
1.04518
1.04518
1.04522
1.04523
1.0453
1.04537
1.04546
1.0455
1.04559
1.04559
1.04563
1.04566
1.04567
1.04569
1.04576
1.04577
1.04578
1.04578
1.04579
1.0458
1.04585
1.04585
1.04585
1.04586
1.04587
1.0459
1.04594
1.04605
1.04607
1.04607
1.04608
1.04613
1.04617
1.04628
1.04631
1.04635
1.04639
1.04643
1.0465
1.04652
1.04657
1.04659
1.04662
1.04663
1.04668
1.04675
1.04678
1.04684
1.04685
1.04688
1.04693
1.04701
1.04702
1.04706
1.04708
1.04708
1.04709
1.04711
1.04715
1.04717
1.04719
1.04719
1.04726
1.04726
1.04729
1.04735
1.04743
1.04748
1.04758
1.04764
1.04767
1.04767
1.04769
1.0478
1.0479
1.0479
1.04795
1.04802
1.04805
1.04809
1.04816
1.04824
1.04826
1.04831
1.04837
1.04837
1.0484
1.04841
1.04849
1.04854
1.04855
1.04865
1.04879
1.04886
1.04891
1.04891
1.04892
1.04892
1.04903
1.04903
1.0491
1.04913
1.04919
1.04925
1.04941
1.04943
1.04946
1.04947
1.04949
1.0495
1.04953
1.04953
1.04954
1.04967
1.04968
1.04969
1.04975
1.04976
1.04979
1.04986
1.04986
1.04988
1.04993
1.04994
1.04997
1.04998
1.05002
1.05005
1.05007
1.05013
1.05013
1.0502
1.05021
1.05025
1.05032
1.05033
1.05034
1.0504
1.05054
1.05078
1.0508
1.05085
1.05089
1.05091
1.05099
1.05104
1.05108
1.05121
1.05122
1.05123
1.0513
1.05133
1.05134
1.0514
1.05144
1.05148
1.05152
1.05152
1.05154
1.05163
1.05168
1.05168
1.05172
1.05175
1.05183
1.05186
1.05186
1.05187
1.05189
1.0519
1.05204
1.05205
1.05212
1.05213
1.05215
1.05222
1.05224
1.05226
1.05228
1.05228
1.05246
1.0525
1.05253
1.05253
1.05255
1.05258
1.05261
1.05266
1.05274
1.05275
1.0528
1.05291
1.05293
1.05297
1.053
1.05302
1.05302
1.05302
1.05303
1.05305
1.05312
1.05312
1.05314
1.05329
1.05332
1.0534
1.05344
1.05349
1.0537
1.05373
1.05377
1.05381
1.0539
1.05423
1.05424
1.0543
1.05431
1.05441
1.05442
1.05449
1.05449
1.05474
1.05474
1.05485
1.05495
1.05495
1.05497
1.055
1.05501
1.05507
1.05517
1.05518
1.05519
1.05523
1.05533
1.05536
1.05537
1.05537
1.05539
1.05544
1.05545
1.05548
1.05552
1.05557
1.05561
1.05566
1.0558
1.05588
1.05594
1.05607
1.05611
1.05621
1.05626
1.05626
1.0563
1.05632
1.05644
1.05648
1.05661
1.05666
1.05671
1.05687
1.05694
1.05695
1.057
1.05707
1.05708
1.05736
1.05737
1.05749
1.05752
1.05756
1.05761
1.05782
1.05784
1.05784
1.05787
1.05803
1.0581
1.05813
1.05814
1.05824
1.05835
1.05853
1.05867
1.05869
1.05881
1.05919
1.05931
1.05933
1.05958
1.05971
1.05989
1.05992
1.06001
1.06003
1.06015
1.06041
1.06054
1.06058
1.06063
1.0607
1.0607
1.06077
1.0609
1.06095
1.06134
1.0615
1.06153
1.06159
1.0617
1.06174
1.06182
1.06246
1.06299
1.06322
1.06327
1.06332
1.06334
1.06348
1.0641
1.06457
1.06459
1.06464
1.06473
1.06481
1.06496
1.06506
1.06509
1.0651
1.06522
1.06578
1.06601
1.06674
1.06688
1.06705
1.06706
1.06749
1.06754
1.06783
1.06796
1.06882
1.06925
1.06928
1.06937
1.06942
1.07001
1.07022
1.07058
1.0708
1.07085
1.07139
1.07175
1.07193
1.07209
1.07217
1.07228
1.07364
1.07381
1.07387
1.0744
1.07452
1.07455
1.07507
1.07516
1.07572
1.07795
1.07801
1.07838
1.08247
1.08709
1.08786
1.0946
1.09748
1.10174
1.10604
