0.979867
0.980261
0.980776
0.981173
0.981209
0.981615
0.981736
0.98176
0.981816
0.982015
0.982492
0.982548
0.982557
0.982743
0.982782
0.982864
0.98319
0.983257
0.983386
0.983449
0.983608
0.983688
0.983754
0.983912
0.983933
0.98399
0.984049
0.984157
0.984366
0.984444
0.984511
0.98453
0.984562
0.984588
0.984688
0.984748
0.984789
0.98488
0.984926
0.984933
0.984954
0.985007
0.985011
0.98502
0.985029
0.985032
0.985042
0.985071
0.985104
0.985128
0.985299
0.985372
0.985443
0.985459
0.985465
0.985536
0.985548
0.985548
0.985682
0.985688
0.98577
0.985771
0.985798
0.985864
0.985867
0.985946
0.986051
0.986053
0.986059
0.986131
0.986158
0.986176
0.9862
0.986203
0.986222
0.986239
0.98624
0.986256
0.986269
0.986304
0.986327
0.986351
0.986359
0.986368
0.98637
0.986384
0.986391
0.98641
0.98641
0.986435
0.98646
0.986487
0.986516
0.986561
0.986561
0.986561
0.986572
0.986572
0.986614
0.986625
0.986626
0.98663
0.986681
0.986689
0.986826
0.986837
0.98685
0.986863
0.986869
0.986932
0.986956
0.986987
0.987019
0.987036
0.98708
0.987113
0.98714
0.98714
0.987141
0.987186
0.987194
0.98721
0.987223
0.987224
0.987248
0.987249
0.987317
0.987317
0.98733
0.98733
0.987335
0.987351
0.987379
0.987423
0.987424
0.987437
0.987454
0.987465
0.98752
0.987529
0.987538
0.98754
0.987558
0.98757
0.987571
0.987616
0.987621
0.987654
0.987682
0.987683
0.987733
0.987745
0.987745
0.987779
0.987783
0.987798
0.987806
0.987842
0.987848
0.98785
0.987863
0.987869
0.987869
0.987921
0.987948
0.987948
0.987957
0.987969
0.987972
0.987974
0.987975
0.988005
0.988031
0.988042
0.98805
0.988054
0.988062
0.988073
0.98809
0.988111
0.98812
0.988128
0.988135
0.988137
0.988146
0.988159
0.988163
0.988195
0.988213
0.988241
0.988244
0.988255
0.988255
0.988272
0.988287
0.9883
0.988325
0.98835
0.988366
0.988377
0.988397
0.988397
0.988409
0.988412
0.988419
0.988425
0.988434
0.988442
0.98846
0.988465
0.988465
0.988495
0.988516
0.988528
0.988535
0.988546
0.988554
0.988564
0.98858
0.988597
0.988603
0.988606
0.988608
0.988608
0.98861
0.988612
0.988615
0.988632
0.988645
0.988693
0.988706
0.988716
0.988723
0.988753
0.988783
0.988789
0.988806
0.988823
0.988842
0.988844
0.988846
0.988851
0.988852
0.988856
0.988868
0.988868
0.98887
0.988878
0.988881
0.988895
0.988899
0.988904
0.988906
0.988922
0.988923
0.988938
0.988954
0.988954
0.988954
0.988958
0.988966
0.98897
0.988971
0.988975
0.988991
0.989
0.989002
0.989007
0.989027
0.989046
0.989048
0.989058
0.989065
0.98907
0.989095
0.989098
0.989107
0.989107
0.98911
0.989129
0.989134
0.989141
0.989143
0.989149
0.989149
0.989156
0.98916
0.989172
0.989174
0.989181
0.989183
0.989191
0.989213
0.989251
0.989253
0.989263
0.989263
0.989265
0.989267
0.989268
0.989271
0.989289
0.989297
0.989299
0.989307
0.989322
0.98933
0.989332
0.989344
0.989346
0.989347
0.98935
0.989359
0.989359
0.989362
0.98937
0.989382
0.989386
0.989391
0.989398
0.989413
0.989416
0.989421
0.98943
0.989441
0.989467
0.989479
0.989486
0.989492
0.989493
0.989511
0.989514
0.989515
0.989517
0.989518
0.989524
0.98953
0.989535
0.98958
0.989618
0.98963
0.989649
0.989651
0.98966
0.989675
0.989682
0.989685
0.989691
0.989693
0.989699
0.989703
0.989706
0.989708
0.989732
0.989734
0.989738
0.989747
0.989747
0.989764
0.98977
0.989782
0.989783
0.989789
0.989789
0.989795
0.989796
0.9898
0.989819
0.989821
0.989827
0.98985
0.989857
0.989873
0.989875
0.989887
0.989892
0.989894
0.989899
0.989905
0.989911
0.989932
0.989945
0.989952
0.989953
0.989953
0.989954
0.989959
0.989967
0.989969
0.989971
0.989974
0.989977
0.989986
0.989987
0.989999
0.989999
0.99
0.990004
0.990005
0.990021
0.990025
0.99003
0.990045
0.990046
0.990048
0.990054
0.990063
0.990066
0.990072
0.990088
0.990096
0.990098
0.99012
0.990125
0.990138
0.99014
0.990143
0.990152
0.990155
0.990163
0.990167
0.990169
0.990176
0.990178
0.990181
0.990185
0.99019
0.990195
0.990208
0.990228
0.990229
0.990233
0.990239
0.990242
0.990244
0.990249
0.99025
0.990265
0.990267
0.990275
0.99028
0.990281
0.990293
0.990303
0.990304
0.990305
0.990309
0.99031
0.990321
0.990321
0.990335
0.990336
0.990337
0.990347
0.990347
0.990348
0.990354
0.99036
0.99037
0.990386
0.99039
0.990391
0.990391
0.990405
0.99041
0.990414
0.990434
0.990447
0.990447
0.990455
0.990459
0.990466
0.990469
0.990485
0.990499
0.990514
0.990517
0.990519
0.990529
0.990534
0.99054
0.990541
0.990552
0.990556
0.990569
0.990569
0.99057
0.99057
0.990572
0.990575
0.990591
0.990596
0.990617
0.990622
0.990629
0.990635
0.990641
0.990641
0.990643
0.990648
0.990657
0.99066
0.990662
0.990663
0.990673
0.99068
0.990681
0.990684
0.990699
0.990712
0.990724
0.990727
0.990733
0.990737
0.990741
0.990742
0.990747
0.99076
0.990775
0.990777
0.990779
0.990788
0.990793
0.99081
0.990813
0.990813
0.990822
0.990829
0.99084
0.990841
0.990847
0.990849
0.99085
0.990853
0.990855
0.990866
0.990868
0.990877
0.990881
0.990882
0.990882
0.990885
0.990886
0.99089
0.990901
0.990904
0.990912
0.990913
0.990914
0.990917
0.990918
0.99092
0.99092
0.990923
0.990924
0.990942
0.990946
0.990961
0.990963
0.990967
0.990967
0.990969
0.99097
0.990972
0.990985
0.990985
0.990988
0.99099
0.990995
0.990996
0.990998
0.991
0.991004
0.991004
0.991006
0.991009
0.991009
0.991009
0.99102
0.991035
0.991036
0.991046
0.991049
0.991056
0.991059
0.991062
0.991063
0.991067
0.991068
0.99107
0.991076
0.991081
0.991088
0.991089
0.991093
0.991097
0.991101
0.991109
0.991116
0.991128
0.99113
0.991132
0.991137
0.991141
0.991142
0.991145
0.991145
0.991149
0.991153
0.991156
0.991159
0.991173
0.991174
0.991175
0.991176
0.991183
0.991191
0.991196
0.991196
0.9912
0.991202
0.991209
0.991212
0.99122
0.991221
0.99124
0.991246
0.991254
0.991257
0.991257
0.991258
0.991264
0.991268
0.991272
0.991273
0.991274
0.991282
0.991282
0.991285
0.991288
0.99129
0.991297
0.991303
0.991307
0.991307
0.991307
0.991311
0.991324
0.991325
0.991329
0.991334
0.991339
0.991341
0.99135
0.991351
0.991354
0.991354
0.991356
0.99136
0.99136
0.991361
0.991378
0.991385
0.991393
0.991395
0.991403
0.991405
0.991417
0.99142
0.991429
0.99143
0.991433
0.991435
0.991439
0.991442
0.991443
0.991443
0.991444
0.991447
0.991449
0.991452
0.991462
0.991462
0.991467
0.991471
0.991474
0.991482
0.991483
0.99149
0.991491
0.991492
0.991506
0.991513
0.991513
0.991515
0.991518
0.991524
0.991535
0.991535
0.991536
0.991538
0.991541
0.991543
0.991545
0.991547
0.991547
0.99156
0.991568
0.991575
0.991579
0.991581
0.991585
0.991586
0.991596
0.991601
0.991605
0.99161
0.991611
0.991614
0.991616
0.991617
0.991623
0.991632
0.991639
0.991645
0.991647
0.991651
0.991654
0.991675
0.991675
0.991676
0.991678
0.991688
0.991693
0.991725
0.991728
0.991731
0.991734
0.991747
0.991749
0.991752
0.991757
0.991758
0.991768
0.99177
0.991771
0.991776
0.991777
0.99178
0.991785
0.991786
0.99179
0.991806
0.99181
0.991811
0.991815
0.991817
0.991826
0.99183
0.991833
0.991836
0.991842
0.991845
0.991846
0.99186
0.991866
0.991866
0.991868
0.991868
0.991869
0.99187
0.99187
0.991872
0.991875
0.991875
0.991878
0.99188
0.991889
0.991894
0.991895
0.991895
0.991896
0.991897
0.991899
0.991901
0.99191
0.991924
0.991924
0.991926
0.99193
0.991932
0.991939
0.991942
0.991944
0.991949
0.991953
0.991958
0.99196
0.991961
0.991964
0.991972
0.991976
0.991984
0.991992
0.991998
0.992001
0.992001
0.99202
0.992022
0.992022
0.992023
0.992025
0.992025
0.992025
0.992029
0.992032
0.992037
0.992039
0.99204
0.992041
0.99205
0.992055
0.992059
0.992062
0.992066
0.992068
0.992075
0.99208
0.992085
0.992088
0.992089
0.992095
0.992098
0.992101
0.992106
0.992107
0.992112
0.992117
0.992122
0.992129
0.992131
0.99214
0.992147
0.992148
0.99215
0.992156
0.992156
0.992156
0.992161
0.992162
0.992164
0.992167
0.992168
0.99217
0.992177
0.992187
0.992191
0.992195
0.992203
0.992215
0.992216
0.992217
0.992217
0.992218
0.99222
0.992221
0.992221
0.992229
0.992233
0.992242
0.99225
0.992251
0.992259
0.99226
0.992264
0.992265
0.992266
0.992268
0.992272
0.992277
0.992279
0.992287
0.992291
0.992296
0.992297
0.992297
0.992297
0.99231
0.992317
0.99232
0.992321
0.992323
0.992326
0.992326
0.992339
0.992339
0.992339
0.992343
0.992347
0.992356
0.992365
0.992374
0.992376
0.992377
0.992379
0.992384
0.992386
0.992387
0.992387
0.992394
0.992398
0.992406
0.992408
0.992409
0.992425
0.992425
0.992425
0.992431
0.992431
0.992431
0.992432
0.992436
0.992438
0.992438
0.992441
0.992444
0.992448
0.992454
0.992455
0.992462
0.992469
0.992477
0.99248
0.992481
0.992484
0.992495
0.992495
0.992496
0.992501
0.992507
0.992517
0.992517
0.99252
0.992523
0.992535
0.992536
0.99254
0.992547
0.992551
0.992553
0.992565
0.992573
0.992575
0.992576
0.992576
0.992577
0.992579
0.99258
0.992582
0.992586
0.992588
0.992599
0.992607
0.992609
0.992612
0.992616
0.992631
0.992632
0.992636
0.992636
0.992637
0.992637
0.992639
0.99264
0.992641
0.992645
0.992645
0.992647
0.992655
0.992655
0.992658
0.99266
0.99266
0.992661
0.992661
0.992668
0.992669
0.992679
0.992684
0.992685
0.992695
0.992696
0.992701
0.992702
0.992702
0.992702
0.992703
0.992706
0.992711
0.992712
0.992714
0.992716
0.992717
0.99272
0.992721
0.992724
0.992725
0.992729
0.992736
0.992738
0.992738
0.992742
0.992743
0.992745
0.992749
0.992749
0.992751
0.992752
0.992755
0.992755
0.992757
0.992759
0.992761
0.992764
0.992767
0.992767
0.992773
0.992778
0.99278
0.992782
0.992786
0.9928
0.992802
0.992803
0.992806
0.992808
0.992812
0.992817
0.992828
0.992829
0.99283
0.99283
0.992831
0.992831
0.992833
0.992836
0.992837
0.992839
0.992841
0.992845
0.992847
0.992856
0.992858
0.99286
0.992862
0.992863
0.992865
0.992865
0.992867
0.992869
0.992871
0.992875
0.992888
0.99289
0.992891
0.992892
0.992892
0.992895
0.992896
0.992897
0.992897
0.992905
0.992906
0.992907
0.992921
0.992922
0.992923
0.992926
0.992928
0.992934
0.992935
0.992937
0.992938
0.99294
0.99294
0.992941
0.992944
0.992944
0.992946
0.992947
0.992953
0.992955
0.992956
0.992962
0.992963
0.992967
0.992967
0.992967
0.992971
0.992974
0.992976
0.992977
0.992988
0.992994
0.992995
0.992996
0.992996
0.992999
0.992999
0.993001
0.993007
0.993015
0.99302
0.99302
0.993021
0.993023
0.993026
0.993031
0.993031
0.993032
0.993041
0.993042
0.993046
0.993047
0.993048
0.993064
0.993069
0.993072
0.993073
0.993074
0.993074
0.993075
0.993075
0.993076
0.99308
0.993083
0.993083
0.993085
0.993086
0.993089
0.99309
0.993091
0.993095
0.993095
0.993097
0.993102
0.993104
0.993104
0.993105
0.993115
0.993119
0.993121
0.993126
0.993128
0.993129
0.993132
0.993134
0.993141
0.993145
0.993147
0.993148
0.99315
0.993154
0.993156
0.993166
0.993167
0.993171
0.993176
0.993176
0.993177
0.993177
0.993178
0.99318
0.993185
0.993187
0.993189
0.99319
0.99319
0.993193
0.993201
0.993209
0.993211
0.993213
0.993214
0.993217
0.993218
0.993219
0.993223
0.993235
0.993239
0.993242
0.993249
0.993249
0.993251
0.993254
0.993257
0.993257
0.993257
0.993261
0.993264
0.993267
0.993268
0.993271
0.993279
0.99328
0.993283
0.993289
0.993292
0.993293
0.993294
0.993295
0.993296
0.993297
0.993297
0.993303
0.993311
0.993312
0.993312
0.993314
0.993323
0.993327
0.993331
0.993334
0.993335
0.993343
0.993345
0.993349
0.99336
0.99336
0.993365
0.993366
0.993373
0.993377
0.993379
0.993386
0.993387
0.993387
0.993391
0.993391
0.993391
0.993395
0.993398
0.993398
0.993402
0.993403
0.993404
0.993407
0.993408
0.993409
0.993413
0.993413
0.993413
0.993415
0.993417
0.993419
0.99342
0.99342
0.99342
0.993421
0.993424
0.993424
0.993434
0.993438
0.993439
0.993443
0.993447
0.99345
0.993455
0.993459
0.993459
0.993461
0.993465
0.993468
0.993469
0.993471
0.993475
0.993475
0.99349
0.99349
0.993495
0.993498
0.993505
0.993513
0.993514
0.993514
0.99352
0.993525
0.993528
0.993532
0.99354
0.993541
0.993541
0.993542
0.993555
0.993555
0.993555
0.99356
0.993562
0.993563
0.993564
0.993565
0.993568
0.993568
0.99357
0.99357
0.993572
0.99358
0.993583
0.993585
0.993587
0.993589
0.993593
0.993597
0.993602
0.993606
0.993607
0.993611
0.993614
0.993617
0.993626
0.993631
0.993636
0.993637
0.99364
0.993644
0.993651
0.993655
0.993656
0.993657
0.99366
0.993664
0.993671
0.993674
0.993678
0.993698
0.9937
0.993703
0.993706
0.993709
0.99371
0.993716
0.993719
0.993723
0.993724
0.993727
0.993734
0.993737
0.993738
0.99374
0.993741
0.993743
0.993744
0.993746
0.993748
0.993752
0.993753
0.993755
0.993755
0.993756
0.993761
0.993762
0.993764
0.993764
0.99377
0.993778
0.993779
0.993781
0.993781
0.993782
0.993782
0.993783
0.993787
0.993788
0.993789
0.993794
0.993796
0.993798
0.9938
0.993801
0.993801
0.993804
0.993804
0.993805
0.993806
0.993809
0.993809
0.993811
0.993813
0.99382
0.993823
0.993835
0.993842
0.993842
0.993845
0.993849
0.993856
0.993856
0.993859
0.993861
0.993868
0.993868
0.993876
0.993876
0.993879
0.993881
0.993881
0.993882
0.993885
0.993886
0.993888
0.993888
0.993895
0.993905
0.993908
0.993912
0.993913
0.99392
0.993922
0.993928
0.993929
0.99393
0.993932
0.993935
0.993937
0.993937
0.993941
0.993951
0.993953
0.993955
0.993956
0.993961
0.993962
0.993964
0.993967
0.993971
0.993972
0.993973
0.993975
0.993975
0.993976
0.993978
0.99398
0.993984
0.993984
0.993987
0.993988
0.993991
0.993992
0.993994
0.994005
0.994007
0.99401
0.994012
0.994017
0.994019
0.994021
0.994025
0.994025
0.994026
0.994027
0.994027
0.99403
0.994032
0.994035
0.994036
0.994036
0.994037
0.994042
0.994043
0.994046
0.994054
0.994058
0.994059
0.99406
0.994061
0.994061
0.994062
0.994064
0.994064
0.994068
0.994072
0.994081
0.994082
0.994087
0.994089
0.994091
0.994091
0.994092
0.994095
0.994096
0.994103
0.994104
0.994105
0.99411
0.99411
0.994113
0.994113
0.994114
0.994116
0.994118
0.99412
0.994123
0.994124
0.994124
0.994125
0.994127
0.994129
0.99413
0.994134
0.994136
0.994137
0.994137
0.99414
0.994142
0.994143
0.994143
0.994151
0.994151
0.994154
0.994159
0.99416
0.99416
0.994161
0.994168
0.994168
0.994169
0.994172
0.994176
0.994177
0.994179
0.994182
0.994185
0.99419
0.994194
0.994196
0.994203
0.994206
0.99421
0.994212
0.994213
0.994221
0.994222
0.994235
0.994235
0.994238
0.994238
0.994239
0.994239
0.994241
0.994249
0.994252
0.994253
0.994254
0.994261
0.994263
0.994265
0.994267
0.994272
0.994273
0.994274
0.994275
0.994275
0.994275
0.994276
0.994283
0.994283
0.994284
0.994287
0.994291
0.994296
0.994297
0.994305
0.994306
0.994308
0.994309
0.994316
0.99432
0.994322
0.994329
0.994329
0.994331
0.994332
0.994333
0.994334
0.994339
0.994342
0.994343
0.994344
0.994347
0.994348
0.994349
0.99435
0.994351
0.994352
0.994352
0.994355
0.994356
0.994356
0.994357
0.994359
0.99436
0.994366
0.994368
0.994368
0.99437
0.99437
0.994375
0.994376
0.99438
0.994381
0.994382
0.994382
0.994393
0.994393
0.994394
0.994396
0.994396
0.994397
0.994399
0.9944
0.9944
0.994402
0.994403
0.994409
0.994412
0.994413
0.994416
0.994416
0.994417
0.994422
0.994423
0.994423
0.994427
0.994428
0.99443
0.994435
0.994437
0.994438
0.994441
0.994441
0.994445
0.994446
0.994447
0.994447
0.994449
0.994449
0.99445
0.99445
0.99445
0.994454
0.994458
0.99446
0.994461
0.994462
0.994464
0.994465
0.994466
0.994467
0.994469
0.994478
0.994478
0.994478
0.994483
0.994487
0.994493
0.994494
0.994494
0.994495
0.994496
0.994497
0.994498
0.994499
0.9945
0.994501
0.994502
0.994504
0.994507
0.994509
0.994512
0.994514
0.994522
0.994525
0.994526
0.994527
0.994528
0.994534
0.994538
0.99454
0.99454
0.994542
0.994544
0.994546
0.994548
0.994548
0.994551
0.994553
0.994558
0.994566
0.994567
0.994569
0.994569
0.99457
0.994571
0.994583
0.994583
0.994584
0.994588
0.994594
0.994595
0.994596
0.994596
0.994599
0.994599
0.994603
0.994604
0.994606
0.994606
0.994614
0.994616
0.994617
0.994619
0.994621
0.994622
0.994623
0.994623
0.994626
0.994626
0.994629
0.994634
0.994638
0.994644
0.994644
0.994646
0.994647
0.994648
0.994649
0.994649
0.994652
0.994654
0.994655
0.994658
0.994662
0.994664
0.994672
0.994672
0.994673
0.994673
0.994677
0.994677
0.994678
0.994679
0.994685
0.994687
0.99469
0.994691
0.994692
0.994692
0.994698
0.994699
0.994702
0.994702
0.994703
0.994703
0.994707
0.994709
0.99471
0.99471
0.994711
0.99472
0.99472
0.994722
0.994727
0.994729
0.994733
0.994741
0.994741
0.994743
0.994744
0.994749
0.99475
0.994751
0.994756
0.994758
0.99476
0.994762
0.994766
0.994769
0.99477
0.994772
0.994772
0.994775
0.994776
0.994779
0.994779
0.994781
0.994787
0.994793
0.994794
0.994794
0.994794
0.994795
0.994795
0.9948
0.9948
0.994802
0.994806
0.99481
0.994812
0.994813
0.994813
0.994814
0.994814
0.994815
0.994817
0.994818
0.99482
0.994824
0.994826
0.994827
0.994827
0.994828
0.994828
0.994829
0.994829
0.994832
0.994833
0.994836
0.994837
0.994838
0.994845
0.994846
0.994849
0.994853
0.99486
0.99486
0.994861
0.994863
0.994865
0.994867
0.994867
0.994875
0.994876
0.99488
0.994881
0.994884
0.994884
0.994888
0.994888
0.994889
0.994889
0.994892
0.994896
0.994896
0.994897
0.994897
0.994898
0.9949
0.994903
0.994906
0.994906
0.994906
0.994908
0.99491
0.994912
0.994913
0.994914
0.994915
0.994916
0.994917
0.994919
0.99492
0.99492
0.994921
0.994923
0.994923
0.994926
0.994927
0.994929
0.994931
0.994935
0.994935
0.994938
0.994938
0.994941
0.994944
0.994949
0.994951
0.994951
0.994952
0.994953
0.994953
0.994953
0.994958
0.994958
0.994958
0.994959
0.994962
0.994964
0.994966
0.99497
0.994973
0.994974
0.994974
0.994977
0.994981
0.994985
0.994988
0.99499
0.994992
0.994992
0.994993
0.994993
0.994996
0.994998
0.994999
0.995001
0.995002
0.995005
0.995006
0.995008
0.995009
0.995009
0.995009
0.99501
0.99501
0.99501
0.995021
0.995022
0.995024
0.995027
0.995028
0.995028
0.995028
0.995028
0.995029
0.995029
0.99503
0.995033
0.995036
0.995037
0.995037
0.995037
0.995038
0.995042
0.995044
0.995045
0.995051
0.995052
0.995054
0.995054
0.995056
0.995057
0.995058
0.995058
0.995061
0.995061
0.995066
0.995067
0.995068
0.99507
0.995072
0.995079
0.99508
0.995081
0.995081
0.995082
0.995085
0.995086
0.995089
0.995091
0.995095
0.995095
0.9951
0.995102
0.995104
0.995104
0.995105
0.995108
0.995109
0.995111
0.995113
0.995114
0.995118
0.995121
0.995122
0.995123
0.995124
0.995133
0.995136
0.995136
0.995137
0.995143
0.99515
0.99515
0.995151
0.995152
0.995153
0.995157
0.995157
0.995157
0.995166
0.995167
0.995169
0.995169
0.995173
0.995177
0.995183
0.995193
0.995195
0.995197
0.9952
0.995205
0.995212
0.995216
0.995217
0.995221
0.995223
0.995226
0.995226
0.995228
0.995229
0.995229
0.995232
0.995233
0.995234
0.995235
0.995236
0.995236
0.995241
0.995245
0.995245
0.995246
0.995246
0.995249
0.99525
0.995251
0.995251
0.995252
0.995253
0.995254
0.995255
0.995258
0.995258
0.995261
0.995265
0.995267
0.995268
0.995272
0.995273
0.995273
0.995275
0.995275
0.995276
0.995278
0.995278
0.995281
0.995284
0.995288
0.99529
0.995292
0.995295
0.995295
0.995296
0.995297
0.995297
0.995302
0.995302
0.995303
0.995303
0.995303
0.995304
0.995305
0.995305
0.995305
0.995306
0.995308
0.995308
0.995309
0.995309
0.995311
0.995312
0.995316
0.995317
0.995317
0.995319
0.99532
0.995329
0.99533
0.995331
0.995333
0.995335
0.995336
0.995338
0.995338
0.995339
0.99534
0.995343
0.995346
0.995346
0.995347
0.995348
0.995348
0.995349
0.99535
0.995351
0.995355
0.995358
0.995361
0.995362
0.995366
0.995369
0.995372
0.995374
0.995375
0.995377
0.99538
0.995381
0.995382
0.995382
0.995386
0.995389
0.995389
0.995392
0.995403
0.995405
0.995405
0.995413
0.995415
0.995416
0.995417
0.995417
0.995419
0.995419
0.99542
0.995421
0.995422
0.995422
0.995424
0.995425
0.995426
0.995428
0.995429
0.995431
0.995432
0.995432
0.995433
0.995434
0.995435
0.995436
0.995437
0.995438
0.995438
0.995439
0.995448
0.995448
0.995449
0.995453
0.995455
0.995457
0.995457
0.995462
0.995464
0.995467
0.995468
0.995468
0.995468
0.995469
0.99547
0.995472
0.995478
0.995479
0.99548
0.99548
0.995484
0.995484
0.995485
0.995486
0.995487
0.995488
0.99549
0.995491
0.995495
0.995495
0.995497
0.995497
0.995497
0.9955
0.995502
0.995503
0.995504
0.995504
0.995505
0.995506
0.995507
0.995509
0.995513
0.995517
0.99552
0.99552
0.995524
0.995528
0.995529
0.995531
0.995533
0.995534
0.995536
0.995536
0.995536
0.995537
0.995545
0.995545
0.995546
0.995547
0.995547
0.995548
0.995551
0.995554
0.995554
0.995559
0.995564
0.995567
0.995571
0.995573
0.995573
0.995578
0.99558
0.99558
0.995581
0.995582
0.995583
0.995584
0.995585
0.995588
0.995588
0.995593
0.995595
0.995596
0.995598
0.995598
0.995598
0.995599
0.995599
0.995607
0.995609
0.99561
0.995611
0.995613
0.995621
0.995622
0.995625
0.995625
0.995626
0.995629
0.995633
0.995635
0.995635
0.995635
0.995637
0.99564
0.995642
0.995646
0.995647
0.995648
0.995653
0.995654
0.995661
0.995661
0.995662
0.995665
0.995666
0.995666
0.995666
0.995667
0.995675
0.995679
0.995679
0.995681
0.995681
0.995681
0.995681
0.995688
0.99569
0.99569
0.995695
0.995696
0.9957
0.995703
0.995704
0.995706
0.995716
0.995719
0.99572
0.995721
0.995723
0.995728
0.995732
0.995733
0.995735
0.995735
0.995736
0.995737
0.995739
0.995741
0.995744
0.995748
0.995751
0.995752
0.995754
0.995756
0.995756
0.995758
0.995759
0.99576
0.995761
0.995763
0.995764
0.995767
0.99577
0.995771
0.995772
0.995774
0.995776
0.995778
0.995779
0.995781
0.995782
0.995783
0.995784
0.995785
0.995785
0.995793
0.995793
0.995796
0.995798
0.995799
0.9958
0.995802
0.995803
0.995806
0.995811
0.995816
0.995817
0.995818
0.995819
0.995822
0.995824
0.995824
0.995825
0.995825
0.995827
0.995828
0.995829
0.995829
0.99583
0.995835
0.995835
0.995838
0.995838
0.99584
0.995841
0.995843
0.995845
0.995845
0.99585
0.99585
0.995852
0.995855
0.995856
0.995857
0.99586
0.995861
0.995862
0.995862
0.995865
0.995865
0.995865
0.995867
0.99587
0.99588
0.995881
0.995885
0.995887
0.995888
0.995888
0.99589
0.995892
0.995892
0.995893
0.995893
0.995894
0.995894
0.995896
0.995898
0.995899
0.995907
0.995907
0.995908
0.995908
0.99591
0.995911
0.995912
0.995912
0.995913
0.995914
0.995914
0.995916
0.995916
0.995916
0.995916
0.995918
0.995921
0.995922
0.995924
0.995926
0.99593
0.995934
0.995937
0.995937
0.995938
0.995938
0.99594
0.995953
0.995954
0.995955
0.995956
0.995959
0.99596
0.99596
0.995963
0.995964
0.995965
0.995965
0.995967
0.99597
0.995971
0.995972
0.995973
0.995975
0.995976
0.995976
0.995979
0.995985
0.995985
0.995985
0.995989
0.995993
0.995994
0.995995
0.995997
0.995997
0.996002
0.996002
0.996007
0.996021
0.996022
0.996024
0.996025
0.996026
0.996029
0.996029
0.99603
0.996032
0.996033
0.996033
0.996034
0.996035
0.996035
0.99604
0.996044
0.996047
0.996047
0.996047
0.996048
0.996049
0.99605
0.996051
0.996053
0.996057
0.996059
0.99606
0.996063
0.996064
0.996064
0.996064
0.996065
0.996065
0.996067
0.996068
0.996068
0.996069
0.996073
0.996075
0.99608
0.99608
0.99608
0.996083
0.996083
0.996084
0.996084
0.996085
0.996086
0.99609
0.996091
0.996093
0.996096
0.9961
0.996101
0.996104
0.996113
0.996113
0.996115
0.996115
0.99612
0.996121
0.996126
0.996129
0.996131
0.996134
0.996136
0.996138
0.996139
0.996139
0.99614
0.996142
0.996143
0.996149
0.996152
0.996154
0.996156
0.99616
0.99616
0.996163
0.996164
0.996169
0.996173
0.996174
0.996174
0.996174
0.996181
0.996181
0.996182
0.996183
0.996184
0.99619
0.996191
0.996191
0.996192
0.996192
0.996196
0.996197
0.996199
0.9962
0.996201
0.996201
0.996202
0.996205
0.996206
0.996209
0.99621
0.996212
0.996212
0.996218
0.996219
0.996225
0.996226
0.99623
0.996231
0.996235
0.996237
0.99624
0.99624
0.996241
0.996241
0.996242
0.996242
0.996245
0.996246
0.996246
0.996247
0.996248
0.996251
0.996254
0.996256
0.996257
0.996258
0.996258
0.99626
0.996261
0.996261
0.996262
0.996262
0.996264
0.996265
0.996265
0.99627
0.996271
0.996273
0.996273
0.996276
0.996277
0.996277
0.996278
0.99628
0.99628
0.99628
0.996282
0.996283
0.996283
0.996283
0.996283
0.996284
0.996288
0.996289
0.996291
0.996293
0.996293
0.996294
0.996297
0.996297
0.996299
0.996307
0.996307
0.996309
0.996314
0.996315
0.996317
0.996319
0.996321
0.996325
0.996327
0.996327
0.996332
0.996332
0.996335
0.996337
0.996343
0.996343
0.996347
0.996349
0.99635
0.996351
0.996351
0.996353
0.996354
0.996355
0.996357
0.996358
0.996358
0.996358
0.996358
0.996365
0.996365
0.996365
0.996365
0.996365
0.996367
0.996368
0.996368
0.996369
0.996371
0.996372
0.996373
0.996374
0.996378
0.996379
0.99638
0.996381
0.996383
0.996383
0.996386
0.996386
0.99639
0.99639
0.996392
0.996392
0.996393
0.996393
0.996396
0.996399
0.996401
0.996402
0.996402
0.996403
0.996406
0.996406
0.996407
0.996409
0.99641
0.996411
0.996412
0.996413
0.996414
0.996416
0.996421
0.996422
0.996424
0.996424
0.996424
0.996425
0.996426
0.99643
0.996434
0.996436
0.996437
0.996437
0.99644
0.996442
0.996443
0.996444
0.996446
0.996451
0.996453
0.996461
0.996463
0.996464
0.996467
0.996469
0.996469
0.996473
0.996474
0.996477
0.996478
0.996479
0.996481
0.996485
0.996488
0.99649
0.996492
0.996493
0.996494
0.996496
0.996498
0.996499
0.9965
0.9965
0.996503
0.996503
0.996506
0.996509
0.996509
0.996514
0.996517
0.996521
0.996524
0.996525
0.996526
0.996526
0.99653
0.996531
0.996536
0.996537
0.996538
0.996538
0.996542
0.996544
0.996544
0.996545
0.996548
0.996549
0.99655
0.996551
0.996552
0.996553
0.996553
0.996555
0.996559
0.996561
0.996563
0.996565
0.996567
0.996567
0.996576
0.99658
0.996584
0.996585
0.996588
0.996589
0.996591
0.996593
0.996593
0.996594
0.996596
0.996599
0.996599
0.996599
0.996599
0.996601
0.996602
0.996603
0.996604
0.996606
0.996609
0.996609
0.996614
0.996614
0.996616
0.99662
0.996621
0.996624
0.996628
0.996629
0.996629
0.996633
0.996634
0.996635
0.996636
0.996637
0.996639
0.996639
0.99664
0.996641
0.996645
0.996647
0.99665
0.99665
0.996654
0.996655
0.996658
0.996658
0.996659
0.996664
0.996665
0.996665
0.996666
0.996667
0.996669
0.996672
0.996674
0.996674
0.996676
0.99668
0.996681
0.996682
0.996683
0.996685
0.996687
0.996689
0.99669
0.996692
0.996693
0.996693
0.996693
0.996695
0.996695
0.996696
0.996698
0.996698
0.996699
0.996701
0.996702
0.996704
0.996704
0.996706
0.996707
0.996709
0.996711
0.996715
0.996718
0.996718
0.996721
0.996722
0.996723
0.996723
0.996724
0.99673
0.996734
0.996735
0.996738
0.996744
0.996748
0.996749
0.996751
0.996751
0.996752
0.996753
0.996754
0.996754
0.996756
0.996757
0.996759
0.996764
0.996767
0.996767
0.996767
0.996768
0.99677
0.996774
0.996778
0.99678
0.99678
0.99678
0.996783
0.996784
0.996785
0.996786
0.996787
0.996787
0.996788
0.996791
0.996792
0.996793
0.996798
0.996798
0.996799
0.996802
0.996802
0.996804
0.996807
0.996807
0.996808
0.996808
0.996815
0.996815
0.996815
0.996815
0.996816
0.996816
0.996816
0.996817
0.996818
0.996818
0.996822
0.996827
0.996828
0.996832
0.996833
0.996834
0.996834
0.996839
0.996841
0.996846
0.996849
0.996849
0.996851
0.996857
0.996859
0.996862
0.996862
0.996864
0.996865
0.996869
0.99687
0.99687
0.996872
0.996872
0.996873
0.996874
0.996874
0.996875
0.996876
0.996879
0.99688
0.996881
0.996883
0.996884
0.996887
0.996889
0.99689
0.996893
0.996893
0.996893
0.996895
0.9969
0.996905
0.996907
0.996908
0.996908
0.99691
0.99691
0.99691
0.996911
0.996912
0.996912
0.996913
0.996915
0.996919
0.996919
0.99692
0.996921
0.996921
0.996929
0.99693
0.996931
0.996932
0.996934
0.996934
0.996937
0.996938
0.996939
0.996942
0.996945
0.996946
0.996947
0.996951
0.996951
0.99696
0.996962
0.996966
0.996967
0.996971
0.996972
0.996977
0.996978
0.996982
0.996984
0.996985
0.996992
0.996992
0.996993
0.996993
0.996997
0.996998
0.996999
0.997002
0.997003
0.997004
0.997004
0.997006
0.997008
0.997009
0.997012
0.997015
0.997017
0.997017
0.997019
0.997019
0.997021
0.997023
0.997023
0.997027
0.997028
0.99703
0.997031
0.997031
0.997031
0.997032
0.997033
0.997035
0.997036
0.997037
0.997038
0.997038
0.997043
0.997044
0.997046
0.99705
0.997052
0.997052
0.997056
0.997057
0.997058
0.99706
0.997062
0.997062
0.997062
0.997069
0.997072
0.997074
0.997075
0.997075
0.997076
0.997079
0.997082
0.997084
0.997089
0.99709
0.997091
0.997093
0.997094
0.997096
0.997097
0.997097
0.997098
0.997101
0.997101
0.997102
0.997102
0.997103
0.997104
0.99711
0.997114
0.997114
0.997114
0.997117
0.997118
0.997119
0.99712
0.997124
0.997129
0.997131
0.997134
0.997138
0.997144
0.997146
0.997147
0.997148
0.997149
0.997152
0.997153
0.997154
0.997156
0.997157
0.997158
0.997162
0.997166
0.997168
0.99717
0.997172
0.997178
0.99718
0.997182
0.997186
0.997192
0.997194
0.997196
0.997197
0.997199
0.997201
0.997201
0.997202
0.997203
0.997204
0.997208
0.997212
0.997213
0.997218
0.99722
0.99722
0.997221
0.997222
0.997223
0.997223
0.997225
0.997225
0.997227
0.997229
0.997229
0.997229
0.99723
0.997237
0.997237
0.997239
0.997239
0.99724
0.997241
0.997241
0.997244
0.997244
0.997246
0.997246
0.997247
0.997251
0.997252
0.997253
0.997253
0.99726
0.997263
0.997264
0.997271
0.997277
0.997279
0.99728
0.997282
0.997286
0.997286
0.997287
0.997292
0.997293
0.997294
0.997295
0.997295
0.997296
0.997296
0.9973
0.997301
0.997304
0.997304
0.997304
0.997305
0.997306
0.997308
0.997308
0.99731
0.997311
0.997312
0.997316
0.997316
0.997323
0.997324
0.997324
0.997325
0.997325
0.997326
0.997326
0.997327
0.997328
0.997329
0.99733
0.997335
0.997335
0.997335
0.997336
0.997338
0.997338
0.997338
0.997338
0.997339
0.997339
0.997341
0.997341
0.997342
0.997342
0.997347
0.997348
0.997349
0.997349
0.997349
0.997352
0.997353
0.997357
0.997359
0.997361
0.997362
0.997364
0.997365
0.997366
0.99737
0.997372
0.997372
0.997373
0.997374
0.997375
0.997375
0.997376
0.99738
0.99738
0.997381
0.997384
0.997385
0.997385
0.997387
0.99739
0.997394
0.997395
0.997397
0.997398
0.997399
0.997399
0.9974
0.9974
0.997402
0.997403
0.997404
0.997404
0.997407
0.99741
0.997413
0.997415
0.99742
0.99742
0.997421
0.997422
0.997423
0.997426
0.997427
0.997428
0.997431
0.997431
0.997433
0.997433
0.997435
0.997436
0.997437
0.997438
0.997438
0.99744
0.997442
0.997442
0.997442
0.997444
0.997444
0.997445
0.997446
0.997446
0.997447
0.997449
0.997451
0.997452
0.997455
0.997462
0.997462
0.99747
0.997473
0.997474
0.997475
0.997475
0.997476
0.997476
0.997477
0.997479
0.997481
0.997482
0.997484
0.997486
0.997487
0.997489
0.99749
0.99749
0.997495
0.997497
0.997498
0.997498
0.9975
0.997503
0.997503
0.997503
0.997504
0.997509
0.99751
0.997511
0.997511
0.997512
0.997512
0.997514
0.997514
0.997514
0.997517
0.997521
0.997522
0.997523
0.997524
0.997526
0.997526
0.997527
0.997533
0.997534
0.997535
0.997536
0.997536
0.997537
0.997537
0.997537
0.997539
0.997541
0.997542
0.997542
0.997545
0.997546
0.997548
0.997548
0.997551
0.997557
0.997562
0.997564
0.997565
0.997566
0.997569
0.997572
0.997573
0.997573
0.997574
0.997576
0.997578
0.997578
0.997584
0.997584
0.997586
0.997589
0.99759
0.997596
0.997597
0.997597
0.997599
0.997603
0.997607
0.997608
0.997608
0.997612
0.997612
0.997614
0.997617
0.99762
0.997621
0.997622
0.997622
0.997623
0.997626
0.997628
0.99763
0.99763
0.997632
0.997632
0.997635
0.997636
0.997638
0.997638
0.997639
0.997644
0.997645
0.997646
0.997646
0.997646
0.997648
0.997648
0.997649
0.997654
0.997654
0.997659
0.99766
0.997661
0.997663
0.997666
0.997667
0.997667
0.997668
0.997668
0.997668
0.997669
0.997672
0.997673
0.997676
0.997677
0.997679
0.99768
0.997682
0.997682
0.997685
0.997686
0.997688
0.997693
0.997694
0.997695
0.997695
0.997697
0.997697
0.997698
0.997699
0.997701
0.997701
0.997702
0.997702
0.997703
0.997704
0.997712
0.997714
0.997718
0.997719
0.99772
0.99772
0.99772
0.997721
0.997727
0.997729
0.997729
0.997731
0.997731
0.997733
0.997734
0.997738
0.997739
0.997739
0.99774
0.997741
0.997741
0.997746
0.997747
0.997749
0.997751
0.997752
0.997755
0.997755
0.997756
0.997756
0.997757
0.997761
0.997761
0.997762
0.997763
0.997764
0.997766
0.997767
0.997767
0.997768
0.997768
0.997768
0.997769
0.99777
0.997771
0.997773
0.997774
0.997777
0.997779
0.99778
0.99778
0.997783
0.997783
0.997783
0.997784
0.997785
0.997788
0.997789
0.997791
0.997791
0.997791
0.997792
0.997792
0.997793
0.997795
0.9978
0.997805
0.997805
0.997806
0.997806
0.997806
0.997811
0.997812
0.997814
0.997818
0.99782
0.997821
0.997823
0.997824
0.997827
0.997829
0.997831
0.997834
0.997835
0.997835
0.997836
0.997836
0.997837
0.997838
0.997839
0.99784
0.997843
0.997844
0.997844
0.997846
0.997848
0.997849
0.99785
0.997851
0.997851
0.997853
0.997854
0.997854
0.997856
0.997857
0.997858
0.99786
0.997863
0.997863
0.997864
0.997864
0.997864
0.997865
0.997865
0.997865
0.99787
0.997871
0.997872
0.997873
0.997874
0.997875
0.997875
0.997875
0.997875
0.997877
0.997878
0.997879
0.997881
0.997894
0.997895
0.997897
0.997898
0.997898
0.997898
0.997899
0.9979
0.9979
0.9979
0.9979
0.997901
0.997902
0.997903
0.997903
0.997905
0.997906
0.997909
0.99791
0.99791
0.997913
0.997913
0.997914
0.997915
0.997918
0.997918
0.99792
0.99792
0.997921
0.997922
0.997925
0.997925
0.997926
0.997927
0.997927
0.997928
0.997929
0.99793
0.99793
0.997933
0.997934
0.997935
0.997935
0.997935
0.997936
0.99794
0.997941
0.997943
0.997944
0.997945
0.997946
0.997948
0.997948
0.997948
0.99795
0.997954
0.997955
0.997956
0.997956
0.997956
0.997957
0.997958
0.997958
0.997961
0.997962
0.997965
0.997968
0.997969
0.997973
0.997974
0.997975
0.997976
0.997976
0.997977
0.99798
0.99798
0.997981
0.997981
0.997981
0.997983
0.997984
0.997986
0.997987
0.997988
0.997989
0.99799
0.99799
0.99799
0.997991
0.997991
0.997992
0.997993
0.997994
0.997994
0.997995
0.997999
0.998
0.998001
0.998003
0.998003
0.998004
0.998004
0.998007
0.99801
0.998011
0.998012
0.998012
0.998014
0.998015
0.998015
0.998016
0.998017
0.998021
0.998022
0.998025
0.998026
0.998027
0.998028
0.998029
0.99803
0.99803
0.99803
0.998032
0.998032
0.998034
0.998034
0.998034
0.998035
0.998037
0.998039
0.99804
0.99804
0.99804
0.998043
0.998043
0.998044
0.998045
0.998045
0.998046
0.998047
0.998047
0.998048
0.998049
0.998049
0.998053
0.998053
0.998053
0.998055
0.998055
0.998057
0.998057
0.998058
0.998058
0.99806
0.99806
0.998061
0.998062
0.998063
0.998064
0.998068
0.998069
0.998074
0.998075
0.998076
0.99808
0.998082
0.998086
0.998087
0.998089
0.99809
0.998094
0.998097
0.9981
0.998108
0.998109
0.99811
0.99811
0.99811
0.99811
0.998113
0.998115
0.998115
0.998117
0.998119
0.998119
0.998121
0.998122
0.998123
0.998123
0.998128
0.998129
0.998129
0.998132
0.998136
0.998136
0.998139
0.998142
0.998147
0.998148
0.99815
0.998154
0.998155
0.998156
0.99816
0.99816
0.99816
0.99816
0.998162
0.998166
0.998167
0.998167
0.998169
0.99817
0.99817
0.998171
0.998172
0.998173
0.998174
0.998175
0.998176
0.998177
0.998178
0.998179
0.998179
0.99818
0.998181
0.998187
0.998188
0.998194
0.998195
0.998195
0.998198
0.998199
0.9982
0.998201
0.998203
0.998203
0.998206
0.998206
0.998207
0.998207
0.998207
0.998208
0.998209
0.998215
0.998218
0.998218
0.998225
0.998226
0.998227
0.998228
0.998229
0.998229
0.99823
0.99823
0.998231
0.998232
0.998234
0.998234
0.998235
0.998237
0.998241
0.998241
0.998244
0.998245
0.998247
0.998248
0.998252
0.998253
0.998254
0.998255
0.998256
0.998257
0.998261
0.998265
0.998266
0.998267
0.998271
0.998273
0.998274
0.998274
0.998279
0.99828
0.99828
0.998283
0.998284
0.998284
0.998284
0.998285
0.998285
0.998286
0.998286
0.998288
0.99829
0.99829
0.998292
0.998297
0.998299
0.998299
0.998301
0.998303
0.998304
0.998305
0.998305
0.998308
0.998309
0.99831
0.998311
0.998312
0.998315
0.998315
0.998317
0.998317
0.998318
0.998319
0.99832
0.998321
0.998325
0.998327
0.998329
0.998329
0.998329
0.99833
0.998332
0.998335
0.998336
0.998337
0.998337
0.998338
0.998338
0.998339
0.99834
0.99834
0.998342
0.998342
0.998343
0.998347
0.998347
0.998347
0.998347
0.998348
0.998349
0.998351
0.998353
0.998353
0.998354
0.998355
0.998357
0.998358
0.998359
0.99836
0.99836
0.998361
0.998362
0.998363
0.998365
0.998367
0.998372
0.998373
0.998373
0.998373
0.998375
0.998375
0.998377
0.998377
0.998378
0.998379
0.99838
0.99838
0.998382
0.998382
0.998382
0.998382
0.998382
0.998385
0.998385
0.998385
0.99839
0.998391
0.998392
0.998392
0.998393
0.998394
0.998394
0.998395
0.998395
0.998396
0.998399
0.998399
0.998403
0.998407
0.99841
0.998411
0.998413
0.998416
0.998416
0.998416
0.998418
0.998421
0.998422
0.998424
0.998424
0.998425
0.998428
0.998428
0.998428
0.998429
0.998431
0.998432
0.998433
0.998434
0.998434
0.998436
0.998436
0.998436
0.998437
0.998437
0.998439
0.99844
0.998441
0.998441
0.998443
0.998443
0.998445
0.998447
0.998448
0.99845
0.998451
0.998451
0.998457
0.998458
0.998459
0.998461
0.998462
0.998462
0.998463
0.998464
0.998465
0.998466
0.998466
0.998468
0.99847
0.998471
0.998472
0.998474
0.998475
0.998478
0.998479
0.998482
0.998482
0.998483
0.998492
0.998493
0.998493
0.998493
0.998494
0.998496
0.9985
0.998501
0.998504
0.998504
0.998505
0.998505
0.998506
0.998507
0.998508
0.998509
0.998509
0.998509
0.998516
0.998516
0.998518
0.998519
0.99852
0.99852
0.99852
0.99852
0.998521
0.998527
0.998528
0.998528
0.99853
0.998532
0.998533
0.998533
0.998534
0.998536
0.998538
0.998538
0.998539
0.99854
0.99854
0.998541
0.998542
0.998545
0.998545
0.998545
0.998546
0.998547
0.99855
0.99855
0.998552
0.998555
0.998559
0.99856
0.99856
0.998562
0.998562
0.998564
0.998564
0.998566
0.998569
0.99857
0.998572
0.998573
0.998574
0.998576
0.998583
0.998587
0.998589
0.99859
0.998591
0.998592
0.998593
0.998594
0.998596
0.998596
0.998597
0.998599
0.998599
0.998601
0.998603
0.998604
0.998606
0.998607
0.998611
0.998613
0.998615
0.998615
0.99862
0.99862
0.998621
0.998621
0.998621
0.998621
0.998621
0.998622
0.998624
0.998625
0.998626
0.998629
0.998631
0.998632
0.998633
0.998634
0.998636
0.998643
0.998643
0.998651
0.998653
0.998654
0.998655
0.998655
0.998657
0.99866
0.998664
0.998665
0.998667
0.998668
0.99867
0.998679
0.998684
0.998687
0.998688
0.998692
0.998692
0.998696
0.998698
0.998699
0.998701
0.998702
0.998706
0.998708
0.998708
0.99871
0.998712
0.998713
0.998715
0.998717
0.998718
0.99872
0.99872
0.998722
0.998722
0.998723
0.998724
0.998726
0.998728
0.998729
0.998729
0.99873
0.998735
0.998736
0.998737
0.998742
0.998744
0.998745
0.998746
0.998746
0.998746
0.998746
0.998747
0.998748
0.998749
0.998751
0.998752
0.998752
0.998753
0.998756
0.998756
0.99876
0.998761
0.998761
0.998762
0.998766
0.998767
0.998769
0.99877
0.998771
0.998773
0.998773
0.998774
0.998775
0.998776
0.99878
0.998783
0.998785
0.998785
0.998786
0.998787
0.99879
0.99879
0.998791
0.998796
0.998796
0.998796
0.998797
0.998799
0.998801
0.998802
0.998804
0.998805
0.998805
0.998806
0.998807
0.998807
0.998809
0.99881
0.998812
0.998813
0.998813
0.998814
0.998815
0.998815
0.998815
0.998815
0.998819
0.99882
0.998823
0.998828
0.998829
0.998829
0.998833
0.998834
0.998835
0.998835
0.998835
0.998835
0.998837
0.998839
0.998841
0.998846
0.998851
0.998852
0.998855
0.998856
0.998856
0.998857
0.998858
0.998865
0.998867
0.99887
0.998875
0.998878
0.998884
0.998888
0.99889
0.998891
0.998896
0.998897
0.998897
0.998899
0.998899
0.9989
0.998901
0.998901
0.998901
0.998902
0.998906
0.998907
0.998908
0.998909
0.99891
0.998916
0.998916
0.998917
0.998918
0.998919
0.998919
0.99892
0.99892
0.99892
0.998921
0.998923
0.998923
0.998924
0.998924
0.998926
0.998927
0.998938
0.998938
0.998939
0.998939
0.998943
0.998944
0.998947
0.998947
0.998948
0.998954
0.998954
0.998954
0.998956
0.998957
0.998958
0.998959
0.998959
0.99896
0.998961
0.998969
0.998971
0.998972
0.998975
0.998976
0.998978
0.998979
0.99898
0.998983
0.998985
0.998986
0.998987
0.998988
0.99899
0.998992
0.998993
0.998995
0.998995
0.998995
0.998996
0.998996
0.998998
0.999
0.999002
0.999002
0.999004
0.999006
0.999008
0.999009
0.999012
0.999012
0.999013
0.999014
0.999015
0.999016
0.999017
0.999017
0.999021
0.999021
0.999022
0.999023
0.999026
0.999027
0.999029
0.999033
0.999035
0.999036
0.999037
0.999037
0.999039
0.999039
0.99904
0.999043
0.999044
0.99905
0.999054
0.999055
0.999055
0.999056
0.999058
0.999064
0.999064
0.999064
0.999069
0.999071
0.999074
0.999074
0.999075
0.999077
0.999077
0.999079
0.999079
0.999081
0.999083
0.999087
0.999087
0.999088
0.99909
0.999091
0.999092
0.999093
0.999093
0.999094
0.999097
0.999099
0.9991
0.999101
0.999101
0.999104
0.999105
0.999105
0.999106
0.999106
0.999107
0.999108
0.999108
0.999111
0.999112
0.999113
0.999118
0.999119
0.999119
0.999119
0.999119
0.999121
0.999124
0.999126
0.99913
0.999135
0.999141
0.999142
0.999142
0.999143
0.999143
0.999144
0.999144
0.999145
0.999146
0.999151
0.999153
0.999153
0.999154
0.999154
0.999156
0.999156
0.999156
0.999157
0.999158
0.99916
0.999162
0.999163
0.999166
0.999166
0.999167
0.999168
0.999169
0.99917
0.999172
0.999172
0.999172
0.999177
0.999177
0.999177
0.99918
0.999181
0.999183
0.999185
0.999186
0.999186
0.999187
0.999187
0.99919
0.999193
0.999193
0.999198
0.999198
0.999198
0.999199
0.999204
0.999206
0.999207
0.999207
0.999208
0.999209
0.999209
0.999209
0.99921
0.999212
0.999212
0.999213
0.999214
0.999217
0.999218
0.999218
0.999218
0.99922
0.999223
0.999223
0.999227
0.999228
0.999229
0.999231
0.999231
0.999232
0.999234
0.999237
0.999238
0.99924
0.99924
0.999244
0.999246
0.999249
0.99925
0.999258
0.999261
0.999262
0.999262
0.999262
0.999265
0.999265
0.999265
0.999266
0.999267
0.999271
0.999271
0.999275
0.999276
0.999276
0.999278
0.999279
0.999279
0.999282
0.999284
0.999289
0.999291
0.999291
0.999293
0.999293
0.999294
0.999295
0.999295
0.999297
0.999297
0.999297
0.999299
0.999301
0.999302
0.999303
0.999305
0.999305
0.999305
0.999306
0.999307
0.999308
0.999309
0.99931
0.999316
0.999316
0.999317
0.999321
0.999324
0.999325
0.999326
0.999327
0.999328
0.999329
0.999331
0.999332
0.999333
0.999333
0.999337
0.999339
0.999341
0.999342
0.999342
0.999343
0.999343
0.999345
0.999346
0.999348
0.999348
0.999348
0.999348
0.999351
0.999352
0.999352
0.999353
0.999355
0.999356
0.999356
0.999356
0.999358
0.999359
0.999362
0.999363
0.999366
0.999368
0.99937
0.999371
0.999371
0.999373
0.999375
0.999375
0.999376
0.999379
0.999379
0.999379
0.99938
0.999381
0.999382
0.999383
0.999389
0.999389
0.999389
0.99939
0.999392
0.999393
0.999394
0.999396
0.999397
0.9994
0.999402
0.999403
0.999404
0.999405
0.999406
0.999409
0.999412
0.999413
0.999413
0.99942
0.999421
0.999424
0.999425
0.999427
0.999429
0.99943
0.999431
0.999432
0.999433
0.999437
0.999438
0.99944
0.999441
0.999441
0.999442
0.999445
0.999446
0.999447
0.99945
0.999451
0.999452
0.999453
0.999453
0.999453
0.999455
0.999455
0.999459
0.999462
0.999463
0.999465
0.999466
0.999467
0.999467
0.999468
0.999469
0.99947
0.99947
0.99947
0.999471
0.999473
0.999473
0.999475
0.999476
0.999478
0.999482
0.999483
0.999484
0.999484
0.999486
0.999489
0.999489
0.999492
0.999494
0.999495
0.999495
0.999496
0.999498
0.999498
0.999499
0.999501
0.999502
0.999503
0.999504
0.999505
0.999505
0.999507
0.999509
0.99951
0.999511
0.999512
0.999515
0.999517
0.999517
0.999517
0.999519
0.99952
0.999521
0.999522
0.999523
0.999524
0.999524
0.999525
0.999525
0.999529
0.999529
0.99953
0.999531
0.999532
0.999536
0.999538
0.999539
0.99954
0.999542
0.999545
0.999547
0.999547
0.999547
0.999549
0.99955
0.999552
0.999558
0.999559
0.999561
0.999561
0.999567
0.999567
0.999567
0.999569
0.999569
0.999569
0.99957
0.999571
0.999571
0.999573
0.999575
0.999577
0.999585
0.999585
0.999586
0.999587
0.999593
0.999593
0.999594
0.999596
0.999597
0.999598
0.999598
0.999599
0.9996
0.999601
0.999601
0.999605
0.999605
0.999606
0.999606
0.999607
0.999607
0.999608
0.999608
0.99961
0.99961
0.99961
0.999612
0.999614
0.999615
0.999619
0.999619
0.999622
0.999623
0.999624
0.999629
0.999629
0.99963
0.999632
0.999633
0.999634
0.999634
0.999634
0.999637
0.999639
0.999639
0.99964
0.99964
0.999643
0.999644
0.999644
0.999645
0.999646
0.999648
0.99965
0.999652
0.999653
0.999655
0.999656
0.999658
0.999659
0.999661
0.999661
0.999661
0.999662
0.999662
0.999663
0.999663
0.999665
0.999665
0.999667
0.999671
0.999672
0.999672
0.999672
0.999676
0.999677
0.999679
0.999679
0.99968
0.999681
0.999683
0.999684
0.999684
0.999685
0.999686
0.999686
0.999688
0.999689
0.999693
0.999696
0.999696
0.999697
0.999697
0.999701
0.999702
0.999703
0.999703
0.999704
0.999705
0.999705
0.999705
0.999706
0.999707
0.999709
0.99971
0.999712
0.999712
0.99972
0.999722
0.999723
0.999723
0.999726
0.999726
0.999727
0.999727
0.999728
0.99973
0.99973
0.999731
0.999732
0.999732
0.999733
0.999734
0.999736
0.999738
0.99974
0.999744
0.999744
0.999744
0.99975
0.999754
0.999756
0.999756
0.999757
0.999758
0.999759
0.999761
0.999761
0.999762
0.999762
0.999762
0.999766
0.999767
0.999768
0.999772
0.999772
0.999774
0.999774
0.999775
0.999776
0.999776
0.999777
0.99978
0.99978
0.999781
0.999781
0.999781
0.999782
0.999784
0.999784
0.999784
0.999788
0.999789
0.999792
0.999792
0.999792
0.999793
0.999794
0.999795
0.999795
0.999795
0.999801
0.999801
0.999802
0.999804
0.999804
0.999805
0.999806
0.999807
0.99981
0.999812
0.999816
0.999819
0.99982
0.999821
0.999824
0.999826
0.999826
0.999828
0.999829
0.999832
0.999833
0.999834
0.999834
0.999835
0.999835
0.999837
0.999837
0.999837
0.999838
0.999839
0.999841
0.999841
0.999842
0.999843
0.999845
0.999845
0.999848
0.999849
0.999849
0.999851
0.999852
0.999857
0.999857
0.999861
0.999861
0.999862
0.999863
0.999863
0.999864
0.999865
0.999867
0.999868
0.999871
0.999872
0.999873
0.999873
0.999877
0.999878
0.999878
0.999879
0.99988
0.99988
0.999884
0.999886
0.999887
0.999889
0.999889
0.999891
0.999891
0.999891
0.999891
0.999891
0.999892
0.999895
0.999898
0.999899
0.999901
0.999901
0.999903
0.999905
0.999907
0.999907
0.999911
0.999917
0.999918
0.999923
0.999932
0.999933
0.999933
0.999933
0.999934
0.999935
0.999939
0.99994
0.99994
0.999944
0.999945
0.999946
0.999947
0.999948
0.99995
0.999952
0.999953
0.999953
0.999955
0.999957
0.999959
0.999962
0.999964
0.999964
0.999965
0.999966
0.999966
0.999968
0.999968
0.999971
0.999974
0.999979
0.99998
0.999981
0.999981
0.999981
0.999981
0.999982
0.999983
0.999983
0.999986
0.999987
0.999988
0.99999
0.999997
0.999998
1
1
1
1
1
1
1.00001
1.00001
1.00001
1.00001
1.00001
1.00002
1.00002
1.00002
1.00002
1.00002
1.00003
1.00003
1.00003
1.00003
1.00003
1.00003
1.00003
1.00003
1.00003
1.00003
1.00003
1.00003
1.00004
1.00004
1.00004
1.00004
1.00004
1.00005
1.00005
1.00005
1.00005
1.00005
1.00005
1.00005
1.00005
1.00005
1.00005
1.00006
1.00006
1.00006
1.00006
1.00006
1.00006
1.00006
1.00006
1.00006
1.00006
1.00006
1.00007
1.00007
1.00007
1.00007
1.00007
1.00007
1.00007
1.00008
1.00008
1.00008
1.00008
1.00008
1.00008
1.00008
1.00008
1.00009
1.00009
1.00009
1.00009
1.00009
1.00009
1.00009
1.00009
1.00009
1.00009
1.00009
1.00009
1.0001
1.0001
1.0001
1.0001
1.0001
1.0001
1.0001
1.00011
1.00011
1.00011
1.00011
1.00011
1.00011
1.00011
1.00011
1.00011
1.00012
1.00012
1.00012
1.00012
1.00012
1.00013
1.00013
1.00013
1.00013
1.00013
1.00013
1.00013
1.00014
1.00014
1.00014
1.00014
1.00014
1.00014
1.00015
1.00015
1.00016
1.00016
1.00016
1.00016
1.00016
1.00016
1.00017
1.00017
1.00017
1.00017
1.00017
1.00017
1.00017
1.00017
1.00017
1.00017
1.00017
1.00017
1.00017
1.00018
1.00018
1.00018
1.00018
1.00018
1.00018
1.00019
1.00019
1.00019
1.0002
1.0002
1.0002
1.0002
1.0002
1.00021
1.00021
1.00021
1.00021
1.00021
1.00021
1.00021
1.00021
1.00022
1.00022
1.00022
1.00022
1.00022
1.00022
1.00022
1.00022
1.00022
1.00022
1.00022
1.00022
1.00023
1.00023
1.00023
1.00023
1.00023
1.00023
1.00023
1.00023
1.00023
1.00024
1.00024
1.00024
1.00024
1.00024
1.00024
1.00024
1.00024
1.00024
1.00025
1.00025
1.00025
1.00025
1.00025
1.00025
1.00025
1.00025
1.00025
1.00025
1.00025
1.00026
1.00026
1.00026
1.00026
1.00026
1.00026
1.00026
1.00026
1.00026
1.00026
1.00026
1.00026
1.00026
1.00027
1.00027
1.00027
1.00027
1.00027
1.00027
1.00027
1.00028
1.00028
1.00028
1.00028
1.00028
1.00028
1.00028
1.00028
1.00028
1.00028
1.00029
1.00029
1.00029
1.00029
1.00029
1.00029
1.00029
1.00029
1.00029
1.0003
1.0003
1.0003
1.0003
1.0003
1.0003
1.0003
1.0003
1.00031
1.00031
1.00031
1.00031
1.00031
1.00032
1.00032
1.00032
1.00032
1.00032
1.00032
1.00032
1.00032
1.00033
1.00033
1.00033
1.00033
1.00033
1.00034
1.00034
1.00034
1.00034
1.00034
1.00034
1.00034
1.00034
1.00034
1.00035
1.00035
1.00035
1.00035
1.00035
1.00035
1.00035
1.00035
1.00035
1.00036
1.00036
1.00036
1.00036
1.00036
1.00036
1.00036
1.00036
1.00036
1.00036
1.00037
1.00037
1.00037
1.00037
1.00037
1.00037
1.00037
1.00037
1.00037
1.00037
1.00037
1.00037
1.00037
1.00038
1.00038
1.00038
1.00038
1.00038
1.00038
1.00038
1.00038
1.00039
1.00039
1.00039
1.00039
1.00039
1.00039
1.0004
1.0004
1.0004
1.0004
1.0004
1.0004
1.0004
1.0004
1.0004
1.0004
1.0004
1.0004
1.00041
1.00041
1.00041
1.00041
1.00041
1.00041
1.00042
1.00042
1.00042
1.00042
1.00042
1.00043
1.00043
1.00043
1.00043
1.00043
1.00043
1.00043
1.00043
1.00044
1.00044
1.00044
1.00045
1.00045
1.00045
1.00045
1.00045
1.00046
1.00046
1.00046
1.00046
1.00046
1.00046
1.00046
1.00046
1.00046
1.00046
1.00046
1.00047
1.00047
1.00047
1.00047
1.00047
1.00047
1.00047
1.00047
1.00048
1.00048
1.00048
1.00048
1.00048
1.00049
1.00049
1.00049
1.0005
1.0005
1.0005
1.0005
1.0005
1.0005
1.0005
1.0005
1.0005
1.0005
1.0005
1.00051
1.00051
1.00051
1.00051
1.00051
1.00051
1.00051
1.00052
1.00052
1.00052
1.00052
1.00052
1.00053
1.00053
1.00053
1.00053
1.00053
1.00053
1.00053
1.00053
1.00054
1.00054
1.00054
1.00054
1.00054
1.00054
1.00054
1.00054
1.00054
1.00054
1.00055
1.00055
1.00055
1.00055
1.00055
1.00055
1.00056
1.00056
1.00056
1.00056
1.00056
1.00056
1.00056
1.00056
1.00057
1.00057
1.00057
1.00057
1.00057
1.00057
1.00057
1.00057
1.00057
1.00057
1.00057
1.00057
1.00058
1.00058
1.00058
1.00058
1.00059
1.00059
1.00059
1.00059
1.00059
1.0006
1.0006
1.0006
1.0006
1.0006
1.0006
1.0006
1.0006
1.0006
1.00061
1.00061
1.00061
1.00061
1.00061
1.00061
1.00061
1.00061
1.00061
1.00061
1.00061
1.00062
1.00062
1.00062
1.00062
1.00062
1.00063
1.00063
1.00063
1.00063
1.00064
1.00064
1.00064
1.00064
1.00064
1.00064
1.00064
1.00064
1.00065
1.00065
1.00065
1.00065
1.00065
1.00065
1.00065
1.00066
1.00066
1.00066
1.00066
1.00067
1.00067
1.00067
1.00067
1.00067
1.00067
1.00067
1.00068
1.00068
1.00068
1.00068
1.00068
1.00068
1.00068
1.00069
1.00069
1.0007
1.0007
1.0007
1.0007
1.0007
1.0007
1.0007
1.00071
1.00071
1.00071
1.00071
1.00071
1.00071
1.00071
1.00071
1.00072
1.00072
1.00072
1.00072
1.00072
1.00072
1.00072
1.00072
1.00072
1.00073
1.00073
1.00073
1.00073
1.00073
1.00074
1.00074
1.00074
1.00074
1.00074
1.00074
1.00074
1.00074
1.00075
1.00075
1.00075
1.00075
1.00075
1.00076
1.00076
1.00076
1.00077
1.00077
1.00077
1.00077
1.00078
1.00078
1.00078
1.00078
1.00078
1.00078
1.00078
1.00079
1.00079
1.00079
1.00079
1.0008
1.0008
1.0008
1.0008
1.0008
1.0008
1.0008
1.0008
1.0008
1.00081
1.00081
1.00081
1.00081
1.00081
1.00081
1.00081
1.00081
1.00081
1.00081
1.00082
1.00082
1.00082
1.00083
1.00083
1.00083
1.00083
1.00083
1.00083
1.00083
1.00083
1.00084
1.00084
1.00084
1.00084
1.00084
1.00084
1.00084
1.00085
1.00085
1.00085
1.00085
1.00085
1.00085
1.00086
1.00086
1.00086
1.00086
1.00086
1.00087
1.00087
1.00087
1.00087
1.00087
1.00087
1.00087
1.00088
1.00088
1.00088
1.00088
1.00088
1.00088
1.00088
1.00088
1.00089
1.00089
1.00089
1.00089
1.00089
1.0009
1.0009
1.0009
1.0009
1.0009
1.0009
1.00091
1.00091
1.00091
1.00091
1.00091
1.00091
1.00091
1.00091
1.00091
1.00091
1.00091
1.00092
1.00092
1.00092
1.00092
1.00092
1.00092
1.00092
1.00092
1.00092
1.00092
1.00093
1.00093
1.00093
1.00093
1.00093
1.00093
1.00093
1.00094
1.00094
1.00094
1.00094
1.00094
1.00095
1.00095
1.00095
1.00095
1.00095
1.00095
1.00095
1.00095
1.00096
1.00096
1.00096
1.00096
1.00096
1.00096
1.00097
1.00097
1.00097
1.00097
1.00097
1.00098
1.00098
1.00098
1.00098
1.00098
1.00098
1.00098
1.00099
1.00099
1.00099
1.00099
1.00099
1.00099
1.00099
1.001
1.001
1.001
1.001
1.001
1.001
1.001
1.001
1.001
1.00101
1.00101
1.00101
1.00102
1.00102
1.00102
1.00102
1.00102
1.00103
1.00103
1.00104
1.00104
1.00104
1.00104
1.00104
1.00104
1.00104
1.00104
1.00105
1.00105
1.00105
1.00105
1.00105
1.00105
1.00106
1.00106
1.00106
1.00106
1.00106
1.00106
1.00107
1.00107
1.00107
1.00107
1.00107
1.00107
1.00107
1.00107
1.00108
1.00108
1.00108
1.00108
1.00108
1.00108
1.00108
1.00108
1.00109
1.00109
1.00109
1.00109
1.00109
1.00109
1.00109
1.0011
1.0011
1.0011
1.0011
1.0011
1.0011
1.00111
1.00112
1.00112
1.00112
1.00112
1.00112
1.00112
1.00112
1.00112
1.00112
1.00112
1.00112
1.00113
1.00113
1.00113
1.00113
1.00113
1.00113
1.00114
1.00114
1.00114
1.00114
1.00114
1.00114
1.00114
1.00115
1.00115
1.00115
1.00115
1.00115
1.00115
1.00115
1.00115
1.00115
1.00116
1.00116
1.00116
1.00117
1.00117
1.00117
1.00117
1.00117
1.00117
1.00117
1.00118
1.00118
1.00118
1.00118
1.00118
1.00118
1.00118
1.00118
1.00118
1.00118
1.00119
1.00119
1.00119
1.00119
1.00119
1.00119
1.0012
1.0012
1.0012
1.0012
1.00121
1.00121
1.00121
1.00121
1.00121
1.00122
1.00122
1.00122
1.00122
1.00122
1.00122
1.00122
1.00122
1.00123
1.00123
1.00123
1.00123
1.00123
1.00123
1.00124
1.00124
1.00124
1.00124
1.00124
1.00125
1.00125
1.00125
1.00125
1.00125
1.00125
1.00126
1.00126
1.00126
1.00126
1.00126
1.00126
1.00126
1.00126
1.00126
1.00126
1.00127
1.00127
1.00127
1.00127
1.00127
1.00127
1.00127
1.00127
1.00127
1.00127
1.00127
1.00128
1.00128
1.00128
1.00128
1.00128
1.00128
1.00129
1.00129
1.00129
1.00129
1.00129
1.00129
1.00129
1.00129
1.00129
1.0013
1.0013
1.0013
1.0013
1.0013
1.0013
1.0013
1.0013
1.00131
1.00131
1.00131
1.00131
1.00131
1.00132
1.00132
1.00132
1.00132
1.00132
1.00132
1.00132
1.00133
1.00133
1.00133
1.00133
1.00134
1.00134
1.00134
1.00134
1.00134
1.00134
1.00134
1.00135
1.00135
1.00136
1.00136
1.00136
1.00136
1.00137
1.00137
1.00137
1.00137
1.00137
1.00137
1.00137
1.00137
1.00138
1.00138
1.00138
1.00138
1.00139
1.00139
1.00139
1.00139
1.00139
1.0014
1.0014
1.0014
1.0014
1.0014
1.0014
1.0014
1.0014
1.0014
1.00141
1.00141
1.00141
1.00141
1.00141
1.00141
1.00142
1.00142
1.00142
1.00142
1.00142
1.00143
1.00143
1.00143
1.00143
1.00143
1.00143
1.00143
1.00143
1.00143
1.00143
1.00143
1.00143
1.00143
1.00144
1.00144
1.00144
1.00144
1.00144
1.00144
1.00144
1.00145
1.00145
1.00145
1.00145
1.00145
1.00145
1.00145
1.00145
1.00145
1.00146
1.00146
1.00146
1.00146
1.00147
1.00147
1.00147
1.00148
1.00148
1.00148
1.00148
1.00148
1.00148
1.00149
1.00149
1.00149
1.00149
1.00149
1.00149
1.00149
1.00149
1.00149
1.0015
1.0015
1.0015
1.0015
1.0015
1.0015
1.0015
1.0015
1.0015
1.0015
1.0015
1.0015
1.0015
1.0015
1.0015
1.0015
1.00151
1.00151
1.00151
1.00151
1.00152
1.00152
1.00152
1.00152
1.00152
1.00152
1.00152
1.00152
1.00152
1.00152
1.00152
1.00153
1.00153
1.00153
1.00153
1.00153
1.00153
1.00153
1.00153
1.00154
1.00154
1.00154
1.00154
1.00154
1.00154
1.00154
1.00154
1.00154
1.00154
1.00155
1.00155
1.00155
1.00155
1.00155
1.00155
1.00155
1.00155
1.00155
1.00155
1.00156
1.00156
1.00156
1.00156
1.00156
1.00156
1.00156
1.00156
1.00156
1.00157
1.00157
1.00157
1.00158
1.00158
1.00158
1.00158
1.00158
1.00159
1.00159
1.00159
1.00159
1.00159
1.00159
1.00159
1.00159
1.0016
1.0016
1.0016
1.0016
1.0016
1.0016
1.00161
1.00161
1.00161
1.00161
1.00161
1.00161
1.00161
1.00162
1.00162
1.00162
1.00162
1.00162
1.00162
1.00162
1.00162
1.00162
1.00162
1.00163
1.00163
1.00163
1.00163
1.00163
1.00163
1.00164
1.00164
1.00164
1.00164
1.00164
1.00165
1.00165
1.00165
1.00165
1.00165
1.00165
1.00166
1.00166
1.00166
1.00166
1.00167
1.00167
1.00167
1.00167
1.00167
1.00167
1.00167
1.00168
1.00168
1.00168
1.00168
1.00168
1.00168
1.00168
1.00168
1.00169
1.00169
1.00169
1.00169
1.00169
1.00169
1.00169
1.0017
1.0017
1.0017
1.0017
1.0017
1.0017
1.00171
1.00171
1.00171
1.00171
1.00171
1.00171
1.00172
1.00172
1.00172
1.00172
1.00172
1.00172
1.00172
1.00172
1.00172
1.00173
1.00173
1.00173
1.00173
1.00174
1.00174
1.00174
1.00175
1.00175
1.00175
1.00175
1.00175
1.00176
1.00176
1.00176
1.00176
1.00176
1.00177
1.00177
1.00177
1.00177
1.00177
1.00177
1.00177
1.00177
1.00178
1.00178
1.00178
1.00178
1.00178
1.00178
1.00179
1.00179
1.00179
1.00179
1.00179
1.0018
1.0018
1.0018
1.0018
1.00181
1.00181
1.00181
1.00181
1.00181
1.00181
1.00181
1.00181
1.00181
1.00181
1.00182
1.00182
1.00182
1.00182
1.00182
1.00182
1.00182
1.00182
1.00183
1.00183
1.00183
1.00184
1.00184
1.00184
1.00184
1.00184
1.00185
1.00185
1.00185
1.00185
1.00185
1.00185
1.00185
1.00186
1.00186
1.00186
1.00186
1.00186
1.00186
1.00186
1.00186
1.00186
1.00186
1.00186
1.00187
1.00187
1.00187
1.00187
1.00187
1.00187
1.00187
1.00187
1.00187
1.00188
1.00188
1.00188
1.00188
1.00188
1.00188
1.00189
1.00189
1.00189
1.0019
1.0019
1.0019
1.0019
1.00191
1.00191
1.00191
1.00191
1.00191
1.00191
1.00191
1.00192
1.00192
1.00192
1.00192
1.00192
1.00192
1.00193
1.00193
1.00193
1.00193
1.00193
1.00193
1.00193
1.00194
1.00194
1.00194
1.00195
1.00195
1.00195
1.00195
1.00195
1.00195
1.00195
1.00195
1.00196
1.00196
1.00196
1.00196
1.00197
1.00197
1.00197
1.00197
1.00197
1.00197
1.00198
1.00198
1.00198
1.00198
1.00198
1.00198
1.00198
1.00199
1.00199
1.00199
1.00199
1.00199
1.00199
1.00199
1.00199
1.002
1.002
1.002
1.002
1.00201
1.00201
1.00201
1.00201
1.00201
1.00201
1.00202
1.00202
1.00202
1.00202
1.00202
1.00202
1.00202
1.00202
1.00203
1.00203
1.00203
1.00203
1.00204
1.00204
1.00204
1.00204
1.00204
1.00204
1.00204
1.00204
1.00204
1.00204
1.00204
1.00204
1.00205
1.00205
1.00205
1.00205
1.00205
1.00205
1.00205
1.00205
1.00205
1.00205
1.00205
1.00205
1.00205
1.00206
1.00206
1.00206
1.00206
1.00207
1.00207
1.00207
1.00207
1.00207
1.00208
1.00208
1.00208
1.00208
1.00208
1.00208
1.00208
1.00208
1.00209
1.00209
1.00209
1.00209
1.0021
1.0021
1.0021
1.0021
1.0021
1.0021
1.0021
1.00211
1.00211
1.00211
1.00211
1.00212
1.00212
1.00212
1.00212
1.00212
1.00212
1.00212
1.00213
1.00213
1.00213
1.00213
1.00213
1.00213
1.00213
1.00213
1.00213
1.00213
1.00213
1.00213
1.00213
1.00214
1.00214
1.00214
1.00214
1.00214
1.00214
1.00215
1.00215
1.00215
1.00215
1.00216
1.00216
1.00216
1.00217
1.00217
1.00217
1.00217
1.00218
1.00218
1.00218
1.00218
1.00219
1.00219
1.00219
1.00219
1.00219
1.00219
1.00219
1.0022
1.0022
1.0022
1.0022
1.0022
1.0022
1.0022
1.0022
1.00221
1.00221
1.00221
1.00222
1.00222
1.00222
1.00222
1.00223
1.00223
1.00223
1.00223
1.00223
1.00224
1.00224
1.00224
1.00224
1.00224
1.00224
1.00224
1.00224
1.00224
1.00225
1.00225
1.00225
1.00225
1.00225
1.00225
1.00225
1.00225
1.00225
1.00225
1.00226
1.00226
1.00226
1.00226
1.00226
1.00226
1.00227
1.00227
1.00227
1.00227
1.00227
1.00227
1.00228
1.00228
1.00228
1.00228
1.00228
1.00228
1.00228
1.00228
1.00228
1.00228
1.00229
1.00229
1.00229
1.00229
1.00229
1.00229
1.00229
1.00229
1.00229
1.00229
1.0023
1.0023
1.0023
1.0023
1.0023
1.0023
1.0023
1.00231
1.00231
1.00231
1.00231
1.00231
1.00231
1.00231
1.00231
1.00232
1.00232
1.00232
1.00232
1.00232
1.00232
1.00232
1.00232
1.00232
1.00232
1.00232
1.00232
1.00233
1.00233
1.00233
1.00233
1.00233
1.00234
1.00234
1.00234
1.00234
1.00234
1.00234
1.00235
1.00235
1.00235
1.00235
1.00235
1.00236
1.00236
1.00236
1.00236
1.00236
1.00236
1.00237
1.00237
1.00237
1.00237
1.00237
1.00237
1.00237
1.00238
1.00238
1.00238
1.00238
1.00238
1.00238
1.00238
1.00238
1.00238
1.00238
1.00239
1.00239
1.00239
1.00239
1.00239
1.00239
1.00239
1.00239
1.00239
1.00239
1.00239
1.00239
1.00239
1.0024
1.0024
1.0024
1.0024
1.0024
1.00241
1.00241
1.00241
1.00241
1.00242
1.00242
1.00242
1.00242
1.00242
1.00242
1.00242
1.00243
1.00243
1.00243
1.00243
1.00244
1.00244
1.00244
1.00244
1.00244
1.00244
1.00244
1.00245
1.00245
1.00245
1.00245
1.00245
1.00245
1.00245
1.00245
1.00246
1.00246
1.00246
1.00246
1.00246
1.00246
1.00246
1.00247
1.00247
1.00247
1.00247
1.00247
1.00247
1.00247
1.00247
1.00247
1.00248
1.00248
1.00248
1.00248
1.00248
1.00248
1.00248
1.00248
1.00249
1.0025
1.0025
1.0025
1.0025
1.0025
1.0025
1.0025
1.0025
1.0025
1.00251
1.00251
1.00251
1.00251
1.00251
1.00251
1.00251
1.00252
1.00252
1.00252
1.00252
1.00252
1.00252
1.00253
1.00253
1.00253
1.00253
1.00253
1.00253
1.00254
1.00254
1.00254
1.00254
1.00254
1.00255
1.00255
1.00255
1.00255
1.00255
1.00255
1.00255
1.00256
1.00256
1.00256
1.00256
1.00256
1.00257
1.00257
1.00257
1.00257
1.00257
1.00257
1.00257
1.00257
1.00257
1.00258
1.00258
1.00258
1.00258
1.00258
1.00258
1.00258
1.00258
1.00258
1.00259
1.00259
1.00259
1.00259
1.00259
1.00259
1.00259
1.00259
1.0026
1.0026
1.0026
1.0026
1.0026
1.0026
1.0026
1.00261
1.00261
1.00261
1.00261
1.00261
1.00261
1.00262
1.00262
1.00262
1.00262
1.00262
1.00262
1.00262
1.00262
1.00263
1.00263
1.00263
1.00263
1.00263
1.00264
1.00264
1.00264
1.00264
1.00265
1.00265
1.00265
1.00265
1.00265
1.00265
1.00265
1.00266
1.00266
1.00266
1.00266
1.00266
1.00266
1.00266
1.00266
1.00266
1.00266
1.00267
1.00267
1.00267
1.00267
1.00267
1.00268
1.00268
1.00268
1.00268
1.00268
1.00269
1.00269
1.00269
1.00269
1.00269
1.00269
1.00269
1.00269
1.00269
1.0027
1.0027
1.0027
1.0027
1.0027
1.0027
1.0027
1.0027
1.0027
1.0027
1.00271
1.00271
1.00271
1.00271
1.00271
1.00271
1.00271
1.00271
1.00272
1.00272
1.00272
1.00272
1.00272
1.00272
1.00273
1.00273
1.00273
1.00273
1.00274
1.00274
1.00274
1.00274
1.00275
1.00275
1.00275
1.00275
1.00275
1.00275
1.00275
1.00276
1.00276
1.00276
1.00276
1.00276
1.00277
1.00277
1.00277
1.00277
1.00277
1.00277
1.00278
1.00278
1.00278
1.00278
1.00279
1.00279
1.00279
1.00279
1.00279
1.00279
1.00279
1.00279
1.0028
1.0028
1.0028
1.0028
1.0028
1.0028
1.0028
1.0028
1.0028
1.00281
1.00281
1.00281
1.00281
1.00281
1.00281
1.00281
1.00282
1.00282
1.00282
1.00282
1.00282
1.00282
1.00282
1.00282
1.00283
1.00283
1.00283
1.00283
1.00283
1.00283
1.00283
1.00283
1.00284
1.00284
1.00284
1.00284
1.00284
1.00284
1.00285
1.00285
1.00285
1.00285
1.00285
1.00286
1.00286
1.00286
1.00286
1.00287
1.00287
1.00287
1.00287
1.00287
1.00288
1.00288
1.00288
1.00288
1.00288
1.00288
1.00288
1.00288
1.00288
1.00288
1.00289
1.00289
1.00289
1.00289
1.00289
1.0029
1.0029
1.0029
1.0029
1.0029
1.00291
1.00291
1.00291
1.00291
1.00292
1.00292
1.00292
1.00292
1.00293
1.00293
1.00293
1.00293
1.00294
1.00294
1.00294
1.00294
1.00294
1.00295
1.00295
1.00295
1.00296
1.00296
1.00296
1.00296
1.00297
1.00297
1.00297
1.00297
1.00297
1.00297
1.00297
1.00297
1.00298
1.00298
1.00298
1.00298
1.00298
1.00299
1.00299
1.00299
1.00299
1.00299
1.00299
1.00299
1.003
1.003
1.003
1.003
1.003
1.003
1.00301
1.00301
1.00301
1.00301
1.00301
1.00301
1.00301
1.00301
1.00302
1.00302
1.00302
1.00302
1.00302
1.00303
1.00303
1.00303
1.00303
1.00304
1.00304
1.00304
1.00304
1.00304
1.00305
1.00305
1.00305
1.00305
1.00305
1.00305
1.00305
1.00305
1.00306
1.00306
1.00306
1.00306
1.00306
1.00306
1.00307
1.00307
1.00307
1.00307
1.00307
1.00307
1.00307
1.00308
1.00308
1.00308
1.00308
1.00309
1.00309
1.00309
1.00309
1.00309
1.00309
1.00309
1.0031
1.0031
1.0031
1.0031
1.00311
1.00311
1.00312
1.00312
1.00312
1.00312
1.00312
1.00312
1.00312
1.00313
1.00313
1.00313
1.00313
1.00314
1.00314
1.00314
1.00314
1.00314
1.00314
1.00314
1.00315
1.00315
1.00315
1.00315
1.00315
1.00315
1.00315
1.00315
1.00316
1.00316
1.00316
1.00316
1.00316
1.00316
1.00316
1.00316
1.00316
1.00316
1.00317
1.00317
1.00317
1.00317
1.00317
1.00317
1.00318
1.00318
1.00318
1.00318
1.00318
1.00318
1.00318
1.00318
1.00319
1.00319
1.00319
1.00319
1.0032
1.0032
1.0032
1.0032
1.00321
1.00321
1.00321
1.00321
1.00321
1.00322
1.00322
1.00322
1.00322
1.00323
1.00323
1.00323
1.00323
1.00323
1.00324
1.00324
1.00324
1.00324
1.00324
1.00324
1.00324
1.00324
1.00324
1.00324
1.00325
1.00325
1.00325
1.00325
1.00325
1.00325
1.00325
1.00325
1.00326
1.00326
1.00326
1.00326
1.00326
1.00326
1.00327
1.00327
1.00327
1.00327
1.00327
1.00327
1.00327
1.00327
1.00327
1.00327
1.00328
1.00328
1.00328
1.00328
1.00329
1.00329
1.00329
1.00329
1.00329
1.00329
1.00329
1.00329
1.00329
1.00329
1.0033
1.0033
1.0033
1.0033
1.0033
1.0033
1.00331
1.00331
1.00331
1.00331
1.00331
1.00331
1.00332
1.00332
1.00332
1.00332
1.00332
1.00332
1.00332
1.00333
1.00333
1.00333
1.00333
1.00333
1.00334
1.00334
1.00334
1.00334
1.00335
1.00335
1.00335
1.00335
1.00335
1.00335
1.00335
1.00336
1.00336
1.00336
1.00336
1.00336
1.00336
1.00336
1.00336
1.00336
1.00337
1.00337
1.00337
1.00337
1.00337
1.00337
1.00338
1.00338
1.00338
1.00338
1.00338
1.00338
1.00338
1.00339
1.00339
1.00339
1.00339
1.00339
1.00339
1.00339
1.0034
1.0034
1.0034
1.0034
1.0034
1.0034
1.00341
1.00341
1.00341
1.00341
1.00341
1.00341
1.00341
1.00342
1.00342
1.00342
1.00342
1.00342
1.00343
1.00343
1.00343
1.00343
1.00344
1.00344
1.00344
1.00344
1.00345
1.00345
1.00345
1.00345
1.00345
1.00345
1.00345
1.00345
1.00345
1.00345
1.00346
1.00346
1.00346
1.00346
1.00346
1.00346
1.00347
1.00347
1.00347
1.00347
1.00347
1.00347
1.00347
1.00348
1.00349
1.00349
1.00349
1.00349
1.00349
1.0035
1.0035
1.0035
1.0035
1.0035
1.00351
1.00351
1.00351
1.00351
1.00352
1.00352
1.00352
1.00353
1.00353
1.00353
1.00353
1.00353
1.00353
1.00353
1.00353
1.00353
1.00353
1.00354
1.00354
1.00354
1.00354
1.00354
1.00354
1.00354
1.00354
1.00354
1.00354
1.00355
1.00355
1.00355
1.00355
1.00355
1.00355
1.00355
1.00355
1.00355
1.00355
1.00355
1.00355
1.00356
1.00356
1.00356
1.00356
1.00356
1.00356
1.00356
1.00357
1.00357
1.00357
1.00357
1.00357
1.00357
1.00357
1.00357
1.00357
1.00357
1.00358
1.00358
1.00358
1.00358
1.00359
1.00359
1.00359
1.00359
1.00359
1.0036
1.0036
1.0036
1.0036
1.00361
1.00361
1.00361
1.00361
1.00361
1.00361
1.00362
1.00362
1.00362
1.00362
1.00362
1.00362
1.00362
1.00363
1.00363
1.00363
1.00364
1.00364
1.00364
1.00364
1.00364
1.00365
1.00365
1.00365
1.00366
1.00366
1.00366
1.00366
1.00366
1.00366
1.00366
1.00366
1.00367
1.00367
1.00367
1.00367
1.00367
1.00367
1.00367
1.00367
1.00368
1.00368
1.00368
1.00368
1.00368
1.00368
1.00368
1.00368
1.00369
1.00369
1.00369
1.00369
1.00369
1.00369
1.0037
1.0037
1.0037
1.0037
1.0037
1.0037
1.0037
1.0037
1.00371
1.00371
1.00371
1.00371
1.00371
1.00372
1.00372
1.00372
1.00372
1.00372
1.00372
1.00372
1.00372
1.00372
1.00373
1.00373
1.00373
1.00373
1.00373
1.00373
1.00373
1.00373
1.00374
1.00374
1.00374
1.00375
1.00375
1.00375
1.00375
1.00375
1.00375
1.00375
1.00376
1.00376
1.00376
1.00376
1.00376
1.00377
1.00377
1.00377
1.00377
1.00377
1.00377
1.00378
1.00378
1.00378
1.00378
1.00378
1.00379
1.00379
1.00379
1.00379
1.00379
1.00379
1.0038
1.0038
1.0038
1.00381
1.00381
1.00381
1.00381
1.00382
1.00382
1.00382
1.00382
1.00382
1.00382
1.00382
1.00382
1.00383
1.00383
1.00383
1.00383
1.00383
1.00383
1.00383
1.00384
1.00384
1.00384
1.00384
1.00384
1.00384
1.00384
1.00385
1.00385
1.00385
1.00385
1.00385
1.00385
1.00385
1.00385
1.00386
1.00386
1.00386
1.00386
1.00387
1.00387
1.00387
1.00388
1.00388
1.00388
1.00388
1.00389
1.0039
1.0039
1.0039
1.0039
1.0039
1.00391
1.00391
1.00391
1.00391
1.00392
1.00392
1.00392
1.00392
1.00392
1.00393
1.00393
1.00393
1.00393
1.00393
1.00393
1.00394
1.00394
1.00395
1.00395
1.00395
1.00395
1.00395
1.00395
1.00395
1.00396
1.00396
1.00397
1.00397
1.00397
1.00397
1.00397
1.00397
1.00397
1.00397
1.00397
1.00397
1.00397
1.00398
1.00398
1.00398
1.00398
1.00399
1.00399
1.00399
1.00399
1.00399
1.00399
1.00399
1.00399
1.00399
1.00399
1.00399
1.004
1.004
1.004
1.00401
1.00401
1.00401
1.00401
1.00401
1.00401
1.00401
1.00401
1.00402
1.00402
1.00402
1.00402
1.00402
1.00402
1.00403
1.00404
1.00404
1.00404
1.00404
1.00404
1.00404
1.00405
1.00405
1.00405
1.00405
1.00405
1.00405
1.00405
1.00405
1.00406
1.00406
1.00406
1.00406
1.00406
1.00406
1.00406
1.00407
1.00407
1.00407
1.00407
1.00408
1.00408
1.00408
1.00408
1.00408
1.00408
1.00408
1.00408
1.00409
1.00409
1.00409
1.00409
1.00409
1.00409
1.00409
1.0041
1.0041
1.0041
1.0041
1.0041
1.0041
1.0041
1.0041
1.0041
1.00411
1.00411
1.00411
1.00412
1.00412
1.00412
1.00412
1.00412
1.00412
1.00412
1.00413
1.00413
1.00413
1.00413
1.00413
1.00414
1.00414
1.00415
1.00415
1.00415
1.00415
1.00415
1.00415
1.00415
1.00416
1.00416
1.00416
1.00416
1.00416
1.00417
1.00417
1.00417
1.00418
1.00418
1.00418
1.00418
1.00418
1.00418
1.00419
1.00419
1.00419
1.00419
1.00419
1.0042
1.0042
1.0042
1.0042
1.0042
1.0042
1.00421
1.00421
1.00421
1.00421
1.00421
1.00421
1.00421
1.00421
1.00422
1.00422
1.00422
1.00422
1.00422
1.00423
1.00423
1.00424
1.00424
1.00424
1.00424
1.00424
1.00424
1.00425
1.00425
1.00425
1.00425
1.00425
1.00425
1.00425
1.00425
1.00426
1.00426
1.00426
1.00426
1.00426
1.00426
1.00427
1.00427
1.00427
1.00427
1.00427
1.00427
1.00427
1.00427
1.00428
1.00428
1.00428
1.00428
1.00428
1.00428
1.00429
1.00429
1.00429
1.00429
1.00429
1.0043
1.0043
1.0043
1.0043
1.00431
1.00431
1.00431
1.00431
1.00431
1.00431
1.00431
1.00432
1.00432
1.00432
1.00432
1.00433
1.00433
1.00433
1.00433
1.00434
1.00434
1.00434
1.00435
1.00435
1.00435
1.00435
1.00435
1.00435
1.00435
1.00435
1.00436
1.00436
1.00436
1.00437
1.00437
1.00437
1.00437
1.00438
1.00438
1.00438
1.00438
1.00439
1.00439
1.0044
1.0044
1.0044
1.0044
1.0044
1.0044
1.0044
1.0044
1.00441
1.00441
1.00441
1.00441
1.00442
1.00442
1.00442
1.00442
1.00442
1.00442
1.00442
1.00442
1.00443
1.00443
1.00443
1.00443
1.00443
1.00443
1.00443
1.00443
1.00443
1.00443
1.00444
1.00444
1.00444
1.00444
1.00444
1.00444
1.00445
1.00445
1.00445
1.00445
1.00445
1.00445
1.00446
1.00446
1.00446
1.00446
1.00447
1.00447
1.00447
1.00447
1.00447
1.00448
1.00448
1.00448
1.00448
1.00448
1.00448
1.00448
1.00448
1.00448
1.00448
1.00448
1.00449
1.00449
1.0045
1.0045
1.0045
1.00451
1.00451
1.00451
1.00451
1.00451
1.00452
1.00452
1.00452
1.00452
1.00452
1.00452
1.00452
1.00452
1.00453
1.00453
1.00453
1.00453
1.00453
1.00453
1.00453
1.00454
1.00454
1.00454
1.00454
1.00454
1.00454
1.00455
1.00455
1.00455
1.00455
1.00455
1.00455
1.00455
1.00456
1.00456
1.00456
1.00456
1.00457
1.00457
1.00457
1.00457
1.00457
1.00457
1.00457
1.00457
1.00458
1.00458
1.00458
1.00459
1.0046
1.0046
1.0046
1.0046
1.0046
1.00461
1.00461
1.00461
1.00461
1.00461
1.00462
1.00462
1.00462
1.00462
1.00463
1.00463
1.00463
1.00464
1.00464
1.00465
1.00465
1.00465
1.00466
1.00466
1.00466
1.00466
1.00466
1.00466
1.00466
1.00466
1.00467
1.00467
1.00467
1.00467
1.00467
1.00468
1.00468
1.00468
1.00468
1.00468
1.00468
1.00469
1.00469
1.00469
1.00469
1.00469
1.00469
1.0047
1.0047
1.0047
1.0047
1.0047
1.00471
1.00471
1.00471
1.00471
1.00471
1.00471
1.00472
1.00472
1.00472
1.00472
1.00472
1.00472
1.00473
1.00473
1.00473
1.00473
1.00474
1.00474
1.00474
1.00474
1.00474
1.00474
1.00474
1.00475
1.00475
1.00475
1.00475
1.00475
1.00475
1.00476
1.00476
1.00476
1.00476
1.00476
1.00476
1.00476
1.00477
1.00478
1.00478
1.00478
1.00478
1.00478
1.00479
1.00479
1.00479
1.00479
1.00479
1.00479
1.00479
1.0048
1.0048
1.00481
1.00481
1.00481
1.00481
1.00481
1.00481
1.00481
1.00482
1.00482
1.00482
1.00482
1.00483
1.00483
1.00484
1.00484
1.00484
1.00484
1.00484
1.00485
1.00485
1.00485
1.00486
1.00486
1.00486
1.00486
1.00487
1.00487
1.00487
1.00487
1.00487
1.00488
1.00488
1.00488
1.00488
1.00488
1.00489
1.0049
1.0049
1.0049
1.0049
1.0049
1.0049
1.00491
1.00491
1.00491
1.00492
1.00492
1.00492
1.00492
1.00492
1.00493
1.00494
1.00494
1.00494
1.00494
1.00495
1.00495
1.00495
1.00495
1.00496
1.00496
1.00496
1.00496
1.00497
1.00497
1.00497
1.00497
1.00498
1.00498
1.00498
1.00498
1.00498
1.00499
1.00499
1.00499
1.00499
1.00499
1.00499
1.00499
1.005
1.005
1.005
1.005
1.005
1.005
1.00501
1.00501
1.00501
1.00501
1.00501
1.00502
1.00502
1.00502
1.00502
1.00502
1.00503
1.00503
1.00503
1.00503
1.00504
1.00504
1.00504
1.00504
1.00504
1.00505
1.00505
1.00505
1.00505
1.00506
1.00506
1.00506
1.00506
1.00507
1.00507
1.00508
1.00508
1.00508
1.00508
1.00508
1.00509
1.00509
1.00509
1.0051
1.0051
1.0051
1.0051
1.0051
1.0051
1.0051
1.00511
1.00511
1.00511
1.00511
1.00511
1.00511
1.00511
1.00512
1.00512
1.00512
1.00512
1.00512
1.00512
1.00512
1.00512
1.00513
1.00513
1.00513
1.00513
1.00514
1.00514
1.00514
1.00514
1.00514
1.00514
1.00515
1.00515
1.00515
1.00515
1.00516
1.00516
1.00516
1.00517
1.00517
1.00517
1.00517
1.00517
1.00517
1.00518
1.00518
1.00518
1.00518
1.00519
1.00519
1.00519
1.00519
1.00519
1.00519
1.0052
1.0052
1.0052
1.0052
1.00521
1.00522
1.00523
1.00523
1.00523
1.00523
1.00523
1.00524
1.00524
1.00524
1.00524
1.00525
1.00525
1.00525
1.00525
1.00526
1.00526
1.00526
1.00526
1.00526
1.00526
1.00526
1.00527
1.00527
1.00527
1.00528
1.00528
1.00528
1.00528
1.00528
1.00529
1.00529
1.00529
1.00529
1.00529
1.00529
1.00529
1.00529
1.00529
1.00529
1.0053
1.0053
1.0053
1.00531
1.00531
1.00531
1.00531
1.00531
1.00532
1.00532
1.00532
1.00533
1.00533
1.00533
1.00533
1.00533
1.00534
1.00534
1.00534
1.00534
1.00534
1.00534
1.00535
1.00535
1.00535
1.00536
1.00536
1.00537
1.00537
1.00537
1.00537
1.00537
1.00538
1.00538
1.00538
1.00538
1.00539
1.00539
1.00539
1.00539
1.00539
1.0054
1.0054
1.0054
1.0054
1.0054
1.0054
1.00541
1.00541
1.00542
1.00543
1.00543
1.00543
1.00543
1.00544
1.00544
1.00545
1.00545
1.00545
1.00545
1.00545
1.00545
1.00545
1.00546
1.00546
1.00546
1.00546
1.00546
1.00546
1.00546
1.00546
1.00547
1.00547
1.00547
1.00547
1.00547
1.00547
1.00548
1.00548
1.00548
1.00548
1.00548
1.00549
1.00549
1.00549
1.00549
1.0055
1.0055
1.00551
1.00551
1.00552
1.00552
1.00552
1.00552
1.00553
1.00553
1.00553
1.00553
1.00554
1.00554
1.00554
1.00555
1.00555
1.00555
1.00555
1.00555
1.00555
1.00555
1.00556
1.00556
1.00556
1.00556
1.00556
1.00556
1.00556
1.00556
1.00557
1.00557
1.00557
1.00557
1.00558
1.00558
1.00558
1.00559
1.00559
1.00559
1.00559
1.00559
1.00559
1.00559
1.00559
1.0056
1.0056
1.0056
1.00561
1.00561
1.00562
1.00562
1.00562
1.00563
1.00563
1.00564
1.00564
1.00565
1.00565
1.00565
1.00565
1.00565
1.00565
1.00566
1.00566
1.00567
1.00567
1.00567
1.00567
1.00567
1.00568
1.00568
1.00568
1.00568
1.00568
1.00569
1.0057
1.0057
1.0057
1.0057
1.00571
1.00571
1.00571
1.00572
1.00572
1.00572
1.00572
1.00572
1.00573
1.00573
1.00574
1.00574
1.00574
1.00575
1.00575
1.00575
1.00575
1.00575
1.00576
1.00576
1.00577
1.00577
1.00577
1.00577
1.00577
1.00577
1.00577
1.00577
1.00577
1.00577
1.00577
1.00577
1.00578
1.00578
1.00578
1.00578
1.00578
1.00579
1.00579
1.00579
1.00579
1.00579
1.00579
1.0058
1.0058
1.0058
1.00581
1.00581
1.00581
1.00581
1.00581
1.00581
1.00581
1.00581
1.00582
1.00582
1.00582
1.00582
1.00582
1.00582
1.00583
1.00583
1.00583
1.00583
1.00584
1.00585
1.00585
1.00585
1.00585
1.00585
1.00585
1.00586
1.00586
1.00586
1.00587
1.00587
1.00587
1.00587
1.00588
1.00588
1.00588
1.00588
1.00588
1.00589
1.00589
1.00589
1.0059
1.00591
1.00591
1.00591
1.00592
1.00592
1.00592
1.00592
1.00592
1.00592
1.00592
1.00592
1.00593
1.00593
1.00594
1.00594
1.00594
1.00594
1.00594
1.00594
1.00595
1.00595
1.00596
1.00596
1.00596
1.00597
1.00597
1.00597
1.00598
1.00598
1.00598
1.00598
1.00598
1.00598
1.00598
1.00599
1.00599
1.00599
1.006
1.00601
1.00601
1.00602
1.00602
1.00602
1.00602
1.00602
1.00603
1.00603
1.00603
1.00603
1.00604
1.00605
1.00605
1.00605
1.00606
1.00606
1.00606
1.00606
1.00606
1.00607
1.00607
1.00607
1.00608
1.00608
1.00608
1.00608
1.00608
1.00609
1.00609
1.00609
1.00609
1.00609
1.0061
1.0061
1.0061
1.0061
1.0061
1.0061
1.00611
1.00611
1.00611
1.00612
1.00612
1.00612
1.00613
1.00613
1.00613
1.00613
1.00614
1.00615
1.00615
1.00615
1.00616
1.00616
1.00616
1.00616
1.00616
1.00616
1.00616
1.00617
1.00617
1.00618
1.00618
1.00618
1.00619
1.00619
1.0062
1.0062
1.0062
1.0062
1.0062
1.00621
1.00621
1.00621
1.00621
1.00622
1.00622
1.00622
1.00622
1.00623
1.00623
1.00623
1.00623
1.00624
1.00624
1.00624
1.00625
1.00625
1.00625
1.00625
1.00626
1.00626
1.00626
1.00626
1.00627
1.00627
1.00627
1.00628
1.00628
1.00629
1.00629
1.00629
1.00629
1.00629
1.0063
1.0063
1.0063
1.0063
1.0063
1.00631
1.00632
1.00632
1.00633
1.00633
1.00634
1.00634
1.00634
1.00634
1.00635
1.00635
1.00635
1.00636
1.00636
1.00636
1.00636
1.00636
1.00637
1.00637
1.00637
1.00637
1.00638
1.00638
1.00639
1.00639
1.0064
1.0064
1.0064
1.0064
1.0064
1.00642
1.00642
1.00642
1.00642
1.00642
1.00643
1.00643
1.00643
1.00644
1.00644
1.00645
1.00645
1.00646
1.00646
1.00646
1.00647
1.00647
1.00647
1.00647
1.00647
1.00647
1.00648
1.00648
1.00649
1.00649
1.00649
1.0065
1.0065
1.0065
1.0065
1.0065
1.0065
1.00651
1.00651
1.00651
1.00651
1.00653
1.00653
1.00653
1.00653
1.00653
1.00654
1.00654
1.00654
1.00654
1.00654
1.00655
1.00655
1.00655
1.00656
1.00657
1.00657
1.00657
1.00658
1.00658
1.00659
1.00659
1.00659
1.0066
1.0066
1.0066
1.00662
1.00662
1.00662
1.00663
1.00663
1.00663
1.00665
1.00665
1.00665
1.00665
1.00666
1.00666
1.00666
1.00667
1.00667
1.00667
1.00667
1.00667
1.00667
1.00668
1.00668
1.00669
1.00669
1.00669
1.0067
1.0067
1.00671
1.00671
1.00672
1.00672
1.00672
1.00673
1.00673
1.00673
1.00673
1.00674
1.00674
1.00674
1.00674
1.00674
1.00675
1.00675
1.00675
1.00676
1.00676
1.00676
1.00676
1.00676
1.00677
1.00677
1.00677
1.00678
1.00678
1.00678
1.00678
1.00678
1.00678
1.00679
1.00679
1.00679
1.00679
1.00679
1.00679
1.0068
1.0068
1.0068
1.0068
1.0068
1.0068
1.0068
1.00681
1.00681
1.00681
1.00681
1.00682
1.00682
1.00683
1.00683
1.00683
1.00683
1.00685
1.00685
1.00685
1.00686
1.00686
1.00686
1.00687
1.00687
1.00687
1.00687
1.00687
1.00688
1.00688
1.00688
1.00689
1.00689
1.00689
1.00689
1.00689
1.00689
1.0069
1.0069
1.0069
1.0069
1.00691
1.00692
1.00692
1.00692
1.00692
1.00693
1.00693
1.00694
1.00694
1.00695
1.00695
1.00695
1.00696
1.00696
1.00696
1.00697
1.00697
1.00698
1.00698
1.00698
1.00698
1.00699
1.007
1.007
1.007
1.00701
1.00701
1.00702
1.00702
1.00702
1.00702
1.00702
1.00702
1.00703
1.00703
1.00703
1.00703
1.00703
1.00703
1.00704
1.00704
1.00704
1.00705
1.00705
1.00705
1.00706
1.00706
1.00706
1.00706
1.00707
1.00707
1.00707
1.00708
1.00708
1.00708
1.00708
1.00709
1.00709
1.0071
1.0071
1.0071
1.0071
1.00711
1.00711
1.00711
1.00712
1.00712
1.00713
1.00713
1.00713
1.00714
1.00714
1.00714
1.00714
1.00714
1.00714
1.00715
1.00715
1.00715
1.00715
1.00715
1.00716
1.00716
1.00716
1.00716
1.00718
1.00718
1.00718
1.00718
1.00718
1.00719
1.00719
1.00719
1.00719
1.00719
1.00719
1.00719
1.0072
1.0072
1.00721
1.00721
1.00722
1.00722
1.00722
1.00722
1.00722
1.00722
1.00723
1.00723
1.00723
1.00723
1.00724
1.00724
1.00724
1.00725
1.00725
1.00725
1.00726
1.00726
1.00726
1.00727
1.00727
1.00727
1.00727
1.00727
1.00727
1.00728
1.00729
1.00729
1.00731
1.00731
1.00731
1.00732
1.00732
1.00733
1.00733
1.00734
1.00734
1.00734
1.00735
1.00735
1.00736
1.00737
1.00738
1.00738
1.00739
1.00739
1.0074
1.0074
1.0074
1.00741
1.00741
1.00741
1.00741
1.00741
1.00742
1.00744
1.00745
1.00745
1.00745
1.00746
1.00746
1.00746
1.00747
1.00747
1.00747
1.00747
1.00747
1.00747
1.00748
1.00748
1.00748
1.00749
1.00749
1.0075
1.00752
1.00752
1.00752
1.00752
1.00752
1.00753
1.00753
1.00754
1.00754
1.00754
1.00755
1.00755
1.00756
1.00756
1.00756
1.00756
1.00757
1.00757
1.00757
1.00757
1.00757
1.00758
1.00759
1.00759
1.00759
1.00759
1.0076
1.0076
1.0076
1.0076
1.00761
1.00761
1.00761
1.00762
1.00762
1.00763
1.00763
1.00764
1.00764
1.00764
1.00765
1.00765
1.00765
1.00765
1.00766
1.00766
1.00766
1.00766
1.00767
1.00768
1.00769
1.00769
1.00769
1.00769
1.00769
1.00769
1.0077
1.0077
1.0077
1.0077
1.00771
1.00771
1.00771
1.00771
1.00771
1.00772
1.00772
1.00772
1.00773
1.00773
1.00773
1.00773
1.00773
1.00774
1.00774
1.00775
1.00775
1.00776
1.00776
1.00776
1.00776
1.00777
1.00777
1.00777
1.00778
1.00778
1.00778
1.00778
1.00779
1.00779
1.00779
1.0078
1.0078
1.00781
1.00782
1.00783
1.00783
1.00784
1.00784
1.00785
1.00785
1.00786
1.00786
1.00786
1.00786
1.00786
1.00787
1.00788
1.00788
1.00788
1.00789
1.0079
1.0079
1.00792
1.00793
1.00793
1.00793
1.00793
1.00794
1.00794
1.00794
1.00795
1.00795
1.00795
1.00796
1.00796
1.00796
1.00796
1.00797
1.00798
1.00798
1.00798
1.00798
1.00798
1.00798
1.00798
1.00799
1.00799
1.00799
1.00799
1.00799
1.00799
1.00799
1.008
1.008
1.008
1.00801
1.00802
1.00802
1.00803
1.00804
1.00804
1.00804
1.00804
1.00805
1.00805
1.00805
1.00806
1.00806
1.00806
1.00806
1.00807
1.00807
1.00808
1.00808
1.00808
1.00808
1.00809
1.00809
1.00809
1.00809
1.0081
1.00811
1.00811
1.00811
1.00811
1.00811
1.00811
1.00812
1.00812
1.00814
1.00814
1.00815
1.00815
1.00816
1.00816
1.00816
1.00816
1.00817
1.00817
1.00817
1.00818
1.00818
1.00819
1.00819
1.00819
1.00819
1.0082
1.0082
1.00821
1.00821
1.00822
1.00822
1.00824
1.00824
1.00824
1.00825
1.00825
1.00826
1.00826
1.00826
1.00827
1.00827
1.00827
1.00827
1.00829
1.00829
1.00829
1.00829
1.0083
1.0083
1.0083
1.0083
1.0083
1.00831
1.00832
1.00832
1.00832
1.00832
1.00833
1.00833
1.00834
1.00834
1.00834
1.00834
1.00835
1.00837
1.00838
1.00838
1.00838
1.00838
1.00838
1.00839
1.00839
1.0084
1.00841
1.00841
1.00841
1.00841
1.00842
1.00843
1.00843
1.00844
1.00844
1.00844
1.00845
1.00846
1.00846
1.00846
1.00846
1.00847
1.00847
1.00849
1.00849
1.0085
1.00851
1.00851
1.00851
1.00851
1.00851
1.00852
1.00852
1.00852
1.00852
1.00852
1.00853
1.00853
1.00854
1.00855
1.00855
1.00856
1.00857
1.00857
1.00857
1.00858
1.00858
1.00858
1.00858
1.00861
1.00862
1.00862
1.00863
1.00863
1.00864
1.00865
1.00866
1.00866
1.00866
1.00867
1.00869
1.00871
1.00871
1.00872
1.00873
1.00873
1.00873
1.00873
1.00873
1.00874
1.00874
1.00875
1.00875
1.00875
1.00876
1.00876
1.00877
1.00877
1.00879
1.00879
1.00879
1.00879
1.0088
1.0088
1.00881
1.00882
1.00882
1.00882
1.00882
1.00883
1.00883
1.00884
1.00884
1.00885
1.00886
1.00887
1.00887
1.00889
1.00889
1.00889
1.0089
1.0089
1.00891
1.00891
1.00891
1.00892
1.00893
1.00893
1.00895
1.00895
1.00896
1.00896
1.00896
1.00897
1.00897
1.00899
1.00899
1.00899
1.00899
1.009
1.009
1.009
1.00901
1.00901
1.00902
1.00902
1.00902
1.00903
1.00903
1.00903
1.00903
1.00903
1.00905
1.00905
1.00905
1.00905
1.00905
1.00905
1.00906
1.00906
1.00907
1.00907
1.00907
1.00908
1.00908
1.00908
1.00908
1.00909
1.00909
1.00909
1.0091
1.00911
1.00912
1.00912
1.00913
1.00913
1.00914
1.00914
1.00914
1.00915
1.00916
1.00917
1.00917
1.00918
1.00919
1.00919
1.00919
1.00921
1.00922
1.00923
1.00924
1.00925
1.00925
1.00925
1.00926
1.00926
1.00926
1.00927
1.00927
1.00928
1.00929
1.00929
1.00929
1.0093
1.0093
1.0093
1.00931
1.00931
1.00931
1.00933
1.00934
1.00934
1.00935
1.00936
1.00936
1.00938
1.00938
1.00938
1.00939
1.00939
1.0094
1.00941
1.00941
1.00941
1.00941
1.00943
1.00944
1.00945
1.00945
1.00948
1.00948
1.00948
1.00949
1.00949
1.0095
1.00953
1.00954
1.00954
1.00955
1.00958
1.00958
1.00959
1.0096
1.0096
1.00961
1.00961
1.00962
1.00962
1.00962
1.00962
1.00963
1.00963
1.00963
1.00963
1.00964
1.00964
1.00964
1.00965
1.00967
1.00967
1.00968
1.00968
1.0097
1.0097
1.00972
1.00972
1.00972
1.00974
1.00974
1.00974
1.00977
1.00977
1.00978
1.00978
1.00978
1.0098
1.0098
1.0098
1.00981
1.00981
1.00983
1.00983
1.00984
1.00984
1.00985
1.00986
1.00987
1.00987
1.00988
1.00988
1.00988
1.00989
1.00989
1.00989
1.0099
1.0099
1.0099
1.00991
1.00991
1.00991
1.00991
1.00993
1.00993
1.00993
1.00993
1.00993
1.00994
1.00994
1.00995
1.00996
1.00997
1.01
1.01
1.01001
1.01001
1.01002
1.01006
1.01006
1.01007
1.01008
1.01008
1.01008
1.01008
1.01008
1.01009
1.01009
1.0101
1.0101
1.0101
1.01013
1.01015
1.01016
1.01018
1.01018
1.01019
1.0102
1.0102
1.01021
1.01024
1.01024
1.01024
1.01027
1.01027
1.01027
1.01027
1.0103
1.01031
1.01033
1.01034
1.01034
1.01034
1.01037
1.01037
1.01039
1.01039
1.0104
1.01041
1.01042
1.01042
1.01042
1.01043
1.01044
1.01046
1.01048
1.01048
1.0105
1.0105
1.01051
1.01052
1.01053
1.01053
1.01054
1.01054
1.01054
1.01055
1.01055
1.01056
1.01057
1.01058
1.01061
1.01062
1.01062
1.01063
1.01063
1.01063
1.01063
1.01064
1.01064
1.01065
1.01066
1.01067
1.01068
1.01069
1.0107
1.01072
1.01072
1.01072
1.01073
1.01074
1.01074
1.01075
1.01075
1.01076
1.01076
1.01076
1.01078
1.0108
1.0108
1.01081
1.01081
1.01081
1.01083
1.01084
1.01084
1.01085
1.01085
1.01086
1.01086
1.01086
1.01088
1.01088
1.01088
1.01089
1.01089
1.0109
1.01092
1.01093
1.01093
1.01094
1.01095
1.01099
1.01099
1.01102
1.01102
1.01103
1.01104
1.01107
1.01108
1.01109
1.01111
1.01111
1.01112
1.01112
1.01113
1.01115
1.01116
1.01117
1.01119
1.01119
1.01119
1.01123
1.01126
1.01128
1.01129
1.01129
1.0113
1.0113
1.01132
1.01133
1.01134
1.01137
1.01138
1.01139
1.01141
1.01142
1.01145
1.01147
1.01148
1.01148
1.01148
1.0115
1.01151
1.01153
1.01154
1.01154
1.01156
1.01156
1.01157
1.01159
1.01161
1.01162
1.01165
1.0117
1.01174
1.01177
1.01178
1.01179
1.0118
1.0118
1.01181
1.01181
1.01182
1.01184
1.01184
1.01186
1.01187
1.01189
1.01193
1.01194
1.01195
1.01197
1.01198
1.01198
1.01198
1.01199
1.012
1.01204
1.01204
1.01205
1.01205
1.01207
1.01208
1.01208
1.01209
1.0121
1.01212
1.01212
1.01219
1.0122
1.01225
1.0123
1.01231
1.01235
1.01235
1.01235
1.01236
1.01236
1.01238
1.01239
1.0124
1.01242
1.01242
1.01243
1.01245
1.01245
1.01245
1.01246
1.01248
1.01249
1.01253
1.01255
1.01255
1.01255
1.01256
1.01256
1.01259
1.0126
1.0126
1.01264
1.01265
1.01265
1.01271
1.01271
1.01272
1.01275
1.01275
1.01277
1.0128
1.01282
1.01284
1.01286
1.01288
1.01291
1.01299
1.01299
1.01299
1.013
1.01302
1.01302
1.01302
1.01303
1.01306
1.01306
1.01309
1.01313
1.01315
1.01317
1.0132
1.0132
1.0132
1.01327
1.01328
1.0133
1.01334
1.01334
1.01335
1.0134
1.01341
1.01343
1.01347
1.01348
1.01349
1.0136
1.01361
1.01365
1.01368
1.01372
1.01392
1.01396
1.014
1.014
1.01403
1.01405
1.01407
1.01407
1.01417
1.01422
1.01424
1.01427
1.0143
1.01431
1.01447
1.01448
1.01448
1.01449
1.0145
1.01457
1.01458
1.01462
1.01465
1.01471
1.01474
1.01475
1.01475
1.01482
1.01495
1.01499
1.015
1.01501
1.01504
1.01506
1.01521
1.01522
1.01524
1.01533
1.01537
1.01538
1.01541
1.01544
1.01556
1.01566
1.01579
1.01583
1.01592
1.01596
1.01607
1.01615
1.01628
1.01654
1.01662
1.01676
1.01679
1.01694
1.01694
1.01711
1.01712
1.01723
1.01729
1.01738
1.01759
1.01778
1.01783
1.01786
1.01794
1.01797
1.01843
1.01845
1.01858
1.01862
1.0188
1.01891
1.01918
1.01977
1.02104
