0.971799
0.973595
0.97367
0.973679
0.973848
0.973883
0.975084
0.975413
0.976394
0.976464
0.976499
0.976548
0.976945
0.976955
0.976956
0.97698
0.977091
0.977111
0.97718
0.977397
0.977439
0.977498
0.977704
0.97789
0.978058
0.978256
0.978274
0.978281
0.978436
0.978445
0.978452
0.978507
0.978609
0.978688
0.978716
0.978734
0.978745
0.978787
0.97899
0.979109
0.979113
0.979119
0.979124
0.979251
0.97931
0.979331
0.979339
0.979342
0.97935
0.979387
0.9795
0.979555
0.979556
0.979618
0.979695
0.979776
0.979779
0.979842
0.97992
0.979936
0.979962
0.98
0.98001
0.980034
0.980038
0.980137
0.980187
0.980203
0.98024
0.980254
0.980277
0.980354
0.980362
0.980373
0.98039
0.980408
0.980413
0.980422
0.980517
0.980527
0.98053
0.98055
0.980578
0.980601
0.980608
0.980609
0.980684
0.980788
0.980801
0.980856
0.980899
0.980919
0.980919
0.980934
0.980965
0.980971
0.980981
0.981057
0.981071
0.981093
0.981179
0.981179
0.98119
0.981213
0.981215
0.981217
0.981283
0.981302
0.981335
0.98137
0.981413
0.981488
0.981543
0.981549
0.981555
0.981659
0.981691
0.981713
0.981777
0.981836
0.981872
0.981886
0.981901
0.981953
0.981958
0.98197
0.981982
0.982008
0.982039
0.982068
0.982075
0.982089
0.982114
0.982116
0.982171
0.982174
0.982193
0.982235
0.982248
0.982277
0.982288
0.982293
0.982331
0.982341
0.982382
0.982413
0.982436
0.982451
0.982461
0.982485
0.982569
0.98258
0.982619
0.982623
0.982657
0.982659
0.982661
0.982716
0.982741
0.982743
0.98276
0.98276
0.982762
0.982771
0.982793
0.982804
0.982805
0.982814
0.982825
0.982864
0.982875
0.982912
0.982918
0.982933
0.982949
0.982978
0.983005
0.983008
0.983016
0.983047
0.983053
0.983068
0.983087
0.983147
0.983157
0.983158
0.983187
0.983196
0.983198
0.983198
0.983226
0.983254
0.983282
0.983298
0.983323
0.983388
0.983395
0.983413
0.983427
0.983446
0.98346
0.983511
0.983533
0.983583
0.983587
0.983601
0.983611
0.983626
0.983629
0.983655
0.983708
0.983729
0.983752
0.983799
0.983804
0.983827
0.983898
0.983918
0.983919
0.983927
0.983938
0.983943
0.983971
0.98398
0.983982
0.984007
0.984008
0.984013
0.984028
0.984035
0.984052
0.984088
0.984088
0.984092
0.984096
0.984098
0.984106
0.984111
0.984147
0.984151
0.984153
0.984189
0.98419
0.984198
0.984207
0.984207
0.984219
0.984226
0.984226
0.98423
0.984232
0.984238
0.984296
0.984304
0.984312
0.984318
0.984323
0.984362
0.984415
0.984418
0.984418
0.984432
0.984456
0.984461
0.984471
0.984471
0.984476
0.984477
0.984487
0.984492
0.984497
0.984507
0.98451
0.984524
0.984524
0.984536
0.984539
0.984548
0.984553
0.984565
0.984586
0.984588
0.984591
0.984603
0.984609
0.984617
0.984625
0.984634
0.984655
0.984661
0.984673
0.984675
0.984676
0.984677
0.984708
0.984709
0.98477
0.984771
0.984777
0.984821
0.984821
0.984826
0.984833
0.984836
0.984851
0.984856
0.984857
0.984866
0.984871
0.984917
0.984948
0.984952
0.984953
0.984957
0.984966
0.984969
0.984975
0.984979
0.985003
0.985013
0.985013
0.985016
0.985023
0.985034
0.985046
0.985067
0.985083
0.985118
0.985133
0.985133
0.985138
0.985144
0.985148
0.985178
0.985184
0.985204
0.985206
0.985208
0.985225
0.985228
0.985232
0.98524
0.985257
0.985268
0.985305
0.985312
0.985313
0.985319
0.985325
0.985341
0.985343
0.985351
0.985352
0.985364
0.98538
0.985387
0.985395
0.985406
0.985416
0.98543
0.98544
0.985452
0.98546
0.985461
0.985473
0.985486
0.985492
0.985497
0.985498
0.985529
0.985534
0.985535
0.985542
0.98556
0.985578
0.985579
0.985587
0.985592
0.985596
0.985605
0.98562
0.985625
0.985626
0.985635
0.985639
0.985639
0.98564
0.985649
0.985668
0.985709
0.985717
0.985762
0.985791
0.985793
0.985795
0.985796
0.985797
0.985802
0.985815
0.985825
0.985832
0.985839
0.98584
0.98584
0.985852
0.985862
0.985876
0.985884
0.98589
0.985892
0.985894
0.985895
0.985899
0.985905
0.985911
0.985929
0.985939
0.985978
0.98598
0.985984
0.985988
0.98599
0.985993
0.986024
0.986026
0.98606
0.986061
0.986076
0.986092
0.986094
0.986098
0.98611
0.986115
0.986122
0.98613
0.986142
0.986151
0.98616
0.986165
0.986165
0.986167
0.986174
0.986176
0.986181
0.986189
0.986191
0.986193
0.986211
0.986212
0.986221
0.986222
0.98623
0.98623
0.986232
0.986236
0.98624
0.986241
0.986253
0.986254
0.986276
0.98628
0.986296
0.9863
0.986301
0.986304
0.986314
0.986317
0.986321
0.986327
0.986335
0.986336
0.986336
0.986341
0.98636
0.986363
0.986373
0.986376
0.986383
0.986393
0.986407
0.986412
0.986416
0.986423
0.986425
0.986434
0.986474
0.986487
0.98649
0.98649
0.986505
0.986517
0.986529
0.98653
0.986532
0.98655
0.98655
0.98655
0.986552
0.986573
0.98659
0.986591
0.986596
0.98661
0.986613
0.986623
0.986628
0.986634
0.986638
0.986638
0.986651
0.986659
0.986678
0.986679
0.986683
0.986692
0.986694
0.986696
0.986719
0.986739
0.986747
0.986753
0.986766
0.986769
0.98677
0.986796
0.986805
0.986808
0.986811
0.986821
0.986821
0.98683
0.986858
0.986885
0.986888
0.986904
0.986946
0.986959
0.986977
0.986989
0.986993
0.987007
0.987014
0.987015
0.987016
0.98702
0.987029
0.987034
0.987037
0.987042
0.987046
0.987064
0.987065
0.987068
0.987095
0.987116
0.98712
0.987127
0.987143
0.987149
0.987152
0.987155
0.987155
0.987157
0.987161
0.987166
0.987187
0.987195
0.987199
0.987204
0.987225
0.987239
0.98724
0.987291
0.987294
0.987308
0.987322
0.987326
0.987326
0.987333
0.987342
0.987354
0.987358
0.98736
0.987363
0.987376
0.98738
0.987414
0.987415
0.98742
0.987421
0.987435
0.987435
0.987441
0.987444
0.987458
0.987468
0.98747
0.987471
0.987474
0.987475
0.98748
0.987488
0.987499
0.987504
0.987518
0.987531
0.987538
0.987554
0.987576
0.987582
0.987586
0.987603
0.987608
0.987623
0.987623
0.987623
0.987643
0.98766
0.987665
0.987669
0.987669
0.987671
0.987674
0.987707
0.987714
0.98772
0.987721
0.987722
0.987734
0.987736
0.987741
0.987743
0.98775
0.98775
0.987759
0.987765
0.987766
0.987768
0.987772
0.987776
0.987804
0.987809
0.987809
0.987811
0.987815
0.987816
0.987819
0.987823
0.987839
0.987844
0.987857
0.987858
0.987859
0.987864
0.987864
0.987864
0.987904
0.987904
0.987914
0.98792
0.987922
0.987927
0.987937
0.987937
0.987937
0.987942
0.987944
0.987944
0.987973
0.987977
0.987982
0.987993
0.987995
0.987996
0.987997
0.987999
0.988007
0.988011
0.98802
0.988028
0.988037
0.988043
0.988045
0.988047
0.988065
0.988081
0.988084
0.988085
0.988086
0.988088
0.98811
0.988125
0.988125
0.988129
0.988138
0.988146
0.988149
0.988149
0.988151
0.98817
0.988175
0.988177
0.988181
0.988184
0.988191
0.988199
0.988201
0.988211
0.988218
0.988218
0.988224
0.988232
0.988249
0.988262
0.988262
0.98828
0.988286
0.988296
0.988302
0.988304
0.988306
0.988307
0.988312
0.988313
0.988314
0.988318
0.988323
0.988331
0.988337
0.988341
0.988347
0.988359
0.98836
0.988367
0.988367
0.988385
0.988387
0.988392
0.988393
0.988393
0.9884
0.988407
0.988409
0.988416
0.988421
0.988422
0.988422
0.988427
0.98843
0.988437
0.988449
0.988452
0.988454
0.988454
0.988508
0.98851
0.988524
0.988525
0.988527
0.988528
0.988528
0.98853
0.988539
0.988542
0.988551
0.988554
0.988556
0.988578
0.988593
0.988598
0.9886
0.988609
0.988612
0.988615
0.988618
0.988619
0.988619
0.988621
0.988626
0.98865
0.988661
0.988665
0.988673
0.988673
0.988683
0.98869
0.988691
0.988693
0.988708
0.988709
0.98871
0.988711
0.98872
0.988726
0.988728
0.988739
0.988741
0.988745
0.988755
0.988761
0.988779
0.988784
0.988786
0.988787
0.988792
0.988793
0.988794
0.988802
0.98881
0.988818
0.988818
0.988819
0.988825
0.988836
0.988847
0.98885
0.98885
0.988865
0.988888
0.988895
0.988906
0.98892
0.988931
0.988932
0.988937
0.988944
0.98895
0.988958
0.98896
0.988961
0.988967
0.988977
0.988979
0.988983
0.988988
0.988992
0.988993
0.988995
0.989002
0.989031
0.989034
0.989035
0.989046
0.989048
0.989049
0.989049
0.989059
0.989059
0.989065
0.989067
0.989072
0.989081
0.989091
0.989097
0.989103
0.989104
0.989114
0.989117
0.989119
0.989124
0.989129
0.989132
0.989135
0.989136
0.989142
0.989143
0.989144
0.989147
0.989152
0.989166
0.989167
0.989175
0.989178
0.989202
0.989204
0.989221
0.989223
0.989224
0.989226
0.989226
0.989229
0.989233
0.989234
0.989247
0.98925
0.989258
0.989261
0.989262
0.989264
0.989272
0.989291
0.989296
0.989298
0.989301
0.989303
0.989313
0.989313
0.989314
0.989315
0.989316
0.98932
0.989337
0.98934
0.98934
0.989345
0.989346
0.989348
0.98936
0.989366
0.989366
0.989372
0.98938
0.989383
0.989384
0.989386
0.989387
0.989416
0.989416
0.989421
0.989427
0.989439
0.989441
0.989448
0.989449
0.989452
0.989452
0.989453
0.989457
0.989468
0.98947
0.98948
0.989482
0.989483
0.989485
0.989489
0.989489
0.989499
0.9895
0.989504
0.989511
0.989518
0.98953
0.98953
0.989533
0.989535
0.989546
0.989548
0.989559
0.989562
0.989571
0.989573
0.989574
0.989576
0.989579
0.989588
0.989593
0.9896
0.989604
0.989607
0.98961
0.989629
0.989631
0.989632
0.989639
0.989644
0.989652
0.989655
0.989655
0.989666
0.989668
0.989688
0.989693
0.989697
0.989704
0.989707
0.989707
0.989715
0.989732
0.989737
0.989751
0.989754
0.989756
0.989756
0.98977
0.989772
0.989773
0.989781
0.989788
0.989789
0.989791
0.989794
0.989797
0.989798
0.989819
0.989823
0.989824
0.989825
0.989826
0.98983
0.989831
0.989833
0.989839
0.989844
0.989846
0.989853
0.989863
0.989864
0.989864
0.989868
0.989871
0.989871
0.989873
0.989876
0.989898
0.989904
0.989905
0.989914
0.989918
0.989919
0.989921
0.989922
0.989926
0.98994
0.989941
0.989942
0.989945
0.989947
0.989949
0.989954
0.989956
0.989961
0.989967
0.989975
0.989981
0.989984
0.989986
0.989994
0.989995
0.990004
0.990008
0.990009
0.990021
0.990024
0.990025
0.990025
0.990029
0.990036
0.99004
0.990044
0.990045
0.990045
0.990046
0.990052
0.990055
0.990059
0.990062
0.990062
0.990064
0.990067
0.990068
0.990076
0.990077
0.990087
0.990089
0.990095
0.990102
0.990108
0.990109
0.99011
0.990114
0.990115
0.990117
0.990119
0.990121
0.990121
0.99013
0.990133
0.990143
0.990151
0.990152
0.990153
0.990154
0.990155
0.990158
0.990168
0.990169
0.99017
0.990172
0.990172
0.990173
0.990177
0.990181
0.990181
0.990184
0.990189
0.99019
0.990201
0.990209
0.990213
0.990215
0.990217
0.990222
0.990226
0.99023
0.990232
0.990235
0.990237
0.990261
0.990261
0.990266
0.990275
0.990276
0.990277
0.990277
0.990283
0.990287
0.990291
0.990299
0.990303
0.990304
0.990309
0.990316
0.99032
0.990325
0.990328
0.99033
0.990335
0.990346
0.990348
0.990349
0.990349
0.990349
0.990354
0.990355
0.990357
0.99036
0.990361
0.990368
0.990369
0.990373
0.990383
0.990384
0.990385
0.990389
0.990397
0.990402
0.990412
0.990418
0.990422
0.990425
0.990427
0.990427
0.990437
0.990448
0.990448
0.990454
0.990455
0.99046
0.990462
0.99047
0.990473
0.990476
0.990477
0.990486
0.990487
0.990494
0.990496
0.990499
0.990499
0.9905
0.990504
0.990505
0.990506
0.990509
0.990518
0.990529
0.990547
0.990547
0.990552
0.990553
0.990574
0.990576
0.990576
0.990577
0.990578
0.990582
0.99059
0.990592
0.9906
0.99061
0.990611
0.990615
0.990616
0.990621
0.990622
0.990627
0.990631
0.990633
0.990634
0.990643
0.990659
0.99066
0.99066
0.990661
0.990663
0.990666
0.990667
0.990688
0.990691
0.990694
0.990694
0.990704
0.990709
0.99071
0.99071
0.990725
0.990734
0.990735
0.990736
0.990744
0.990753
0.990755
0.990759
0.990759
0.990765
0.990766
0.990769
0.99077
0.990779
0.99078
0.990782
0.990786
0.990795
0.990803
0.990806
0.99081
0.99081
0.990814
0.990816
0.990816
0.990817
0.990817
0.990828
0.990835
0.990837
0.990839
0.99084
0.990841
0.990842
0.990842
0.990846
0.990852
0.990855
0.990861
0.990865
0.990866
0.990871
0.990873
0.990875
0.990875
0.990877
0.990879
0.990881
0.990885
0.990886
0.99089
0.990891
0.990893
0.990897
0.990903
0.990906
0.990908
0.990913
0.990914
0.990914
0.990914
0.990926
0.990928
0.990928
0.990929
0.990938
0.990939
0.990951
0.990957
0.99096
0.990962
0.990968
0.990969
0.990982
0.990988
0.990989
0.990989
0.99099
0.990992
0.990994
0.990995
0.990999
0.991002
0.99101
0.991011
0.991012
0.991014
0.991018
0.991025
0.991028
0.991032
0.991044
0.991049
0.991051
0.991052
0.991059
0.991061
0.991062
0.991067
0.991068
0.991076
0.991077
0.991078
0.991081
0.991086
0.991094
0.991096
0.991097
0.991108
0.991111
0.991116
0.991118
0.991119
0.99113
0.991145
0.991146
0.991151
0.991154
0.991171
0.991174
0.991177
0.991188
0.991203
0.991213
0.991216
0.991222
0.991227
0.991228
0.99124
0.991241
0.991243
0.991245
0.991246
0.991247
0.991248
0.991254
0.991257
0.991263
0.991264
0.99127
0.991277
0.991277
0.991282
0.991283
0.991283
0.991285
0.9913
0.991306
0.991308
0.991312
0.991314
0.991315
0.991317
0.991319
0.991319
0.991327
0.991327
0.991332
0.991333
0.991334
0.991338
0.991338
0.991342
0.991343
0.991343
0.991347
0.991352
0.991356
0.991359
0.991369
0.991371
0.991374
0.991379
0.991386
0.991393
0.991399
0.991408
0.991413
0.991418
0.991418
0.991423
0.991424
0.991425
0.991433
0.991436
0.991438
0.991438
0.991446
0.991446
0.991471
0.991471
0.991472
0.991477
0.991477
0.99148
0.991481
0.991487
0.991492
0.991494
0.991495
0.991497
0.991501
0.991509
0.991514
0.991517
0.991521
0.991524
0.991531
0.991531
0.991532
0.991538
0.991543
0.991543
0.99155
0.991561
0.991564
0.991566
0.991566
0.991568
0.991574
0.991574
0.991581
0.991582
0.991586
0.991587
0.991589
0.991591
0.991593
0.9916
0.991601
0.991608
0.991611
0.991611
0.991613
0.991616
0.991617
0.991626
0.99163
0.991635
0.991645
0.991653
0.991655
0.991658
0.99166
0.991665
0.991674
0.991676
0.99168
0.99168
0.991686
0.991688
0.991694
0.991695
0.991696
0.991698
0.991702
0.991704
0.991707
0.991707
0.991707
0.991708
0.991718
0.991719
0.99172
0.991723
0.991724
0.991727
0.991727
0.991729
0.991731
0.991734
0.991735
0.991736
0.991744
0.991747
0.991748
0.991757
0.99176
0.991764
0.991764
0.991779
0.991788
0.991788
0.99179
0.991792
0.991792
0.991794
0.991795
0.991799
0.991801
0.991807
0.991808
0.991811
0.991815
0.991816
0.991818
0.991819
0.991821
0.99183
0.991835
0.991843
0.991844
0.991849
0.991851
0.991853
0.991855
0.991855
0.991862
0.991866
0.99187
0.991877
0.991877
0.991878
0.99188
0.991887
0.991889
0.991891
0.991894
0.991898
0.991899
0.991902
0.991903
0.991908
0.991916
0.991919
0.99192
0.991924
0.991925
0.991928
0.991929
0.99193
0.991931
0.991932
0.991941
0.991951
0.991951
0.991951
0.991952
0.991958
0.991965
0.991967
0.991967
0.991967
0.991969
0.991976
0.991978
0.991981
0.991982
0.991993
0.991994
0.991994
0.991996
0.991999
0.992005
0.992011
0.992012
0.992014
0.992016
0.992016
0.992022
0.99203
0.992038
0.992039
0.992043
0.992047
0.992048
0.992056
0.992064
0.992068
0.992072
0.992074
0.992086
0.992086
0.992087
0.992097
0.9921
0.992101
0.992103
0.992107
0.992108
0.992116
0.992119
0.99212
0.992128
0.99213
0.992136
0.992137
0.99214
0.992141
0.992143
0.992166
0.992167
0.99217
0.992171
0.992173
0.992175
0.992177
0.992178
0.992181
0.992182
0.992184
0.992195
0.992196
0.992204
0.992204
0.992205
0.992208
0.99221
0.992218
0.992219
0.992221
0.992223
0.992225
0.992228
0.992232
0.992234
0.992243
0.992246
0.992249
0.992253
0.992257
0.992259
0.992264
0.992277
0.992278
0.992283
0.992284
0.992287
0.992289
0.992291
0.992292
0.992296
0.992297
0.9923
0.992307
0.992309
0.992315
0.992317
0.992319
0.992319
0.99232
0.992324
0.992326
0.992328
0.992328
0.992329
0.99233
0.992334
0.992334
0.992337
0.992343
0.992345
0.992346
0.992348
0.992349
0.99235
0.99235
0.992361
0.992362
0.992365
0.992374
0.992378
0.992382
0.992389
0.99239
0.9924
0.992402
0.992404
0.992409
0.992422
0.992427
0.992428
0.992435
0.992436
0.992438
0.99244
0.992445
0.992446
0.992448
0.992449
0.992451
0.992455
0.992463
0.992468
0.992473
0.992474
0.992484
0.992486
0.992487
0.992488
0.99249
0.99249
0.992495
0.992506
0.992514
0.992516
0.992524
0.992528
0.992535
0.992535
0.992536
0.992538
0.992544
0.992545
0.992547
0.992551
0.992553
0.992557
0.992563
0.992564
0.992565
0.992569
0.99257
0.992575
0.99258
0.992586
0.992594
0.992597
0.992599
0.9926
0.9926
0.992601
0.992602
0.992603
0.992604
0.992608
0.992614
0.992618
0.992619
0.992622
0.992623
0.992623
0.992624
0.992625
0.992632
0.992635
0.992637
0.992639
0.99264
0.992643
0.992645
0.992645
0.992646
0.99265
0.992656
0.992661
0.992663
0.992664
0.992665
0.992666
0.992673
0.992675
0.992677
0.992678
0.992679
0.992682
0.992682
0.992689
0.992691
0.992694
0.992698
0.992703
0.992704
0.992705
0.992705
0.992707
0.992708
0.992709
0.992711
0.992712
0.99272
0.992733
0.992733
0.992735
0.992736
0.992739
0.99274
0.992741
0.992747
0.992759
0.992759
0.992765
0.992767
0.992771
0.992785
0.992789
0.992797
0.992797
0.992802
0.992803
0.992804
0.992806
0.992807
0.992808
0.992808
0.992811
0.992816
0.992816
0.992826
0.992827
0.992827
0.992829
0.99283
0.992833
0.992838
0.992843
0.992844
0.992845
0.992847
0.992848
0.99285
0.992854
0.992856
0.992857
0.992858
0.99286
0.992863
0.992868
0.992873
0.992874
0.992878
0.992885
0.992887
0.992888
0.99289
0.992902
0.992908
0.992916
0.992918
0.992919
0.992921
0.992923
0.992925
0.992926
0.992929
0.992929
0.99293
0.992932
0.992935
0.992937
0.992939
0.992941
0.992944
0.992948
0.99295
0.992951
0.992951
0.992952
0.992956
0.992957
0.992958
0.992959
0.99297
0.992972
0.992974
0.992979
0.992979
0.992979
0.99298
0.99298
0.992984
0.992984
0.992986
0.992987
0.992989
0.992991
0.992991
0.992993
0.992995
0.993001
0.993001
0.993003
0.993004
0.993005
0.993008
0.993013
0.993013
0.993014
0.993015
0.993018
0.993018
0.993025
0.993028
0.993029
0.993035
0.993037
0.993044
0.993044
0.993046
0.993048
0.99305
0.993053
0.993054
0.993055
0.993056
0.993065
0.993066
0.993071
0.993073
0.993077
0.993085
0.993086
0.993091
0.993095
0.993095
0.993098
0.993102
0.993107
0.993112
0.993114
0.99312
0.993122
0.993122
0.993125
0.993126
0.993128
0.993129
0.993133
0.993134
0.993134
0.993135
0.993141
0.993142
0.993143
0.993148
0.993154
0.993154
0.993158
0.993159
0.99316
0.993161
0.993161
0.993163
0.993163
0.993164
0.993166
0.993167
0.993168
0.993169
0.993169
0.99317
0.993171
0.993173
0.993175
0.993176
0.993178
0.993178
0.993183
0.993192
0.993195
0.993196
0.993201
0.993203
0.993215
0.993215
0.993216
0.99322
0.993227
0.993232
0.993235
0.993237
0.993243
0.993249
0.99325
0.993259
0.993261
0.993262
0.993269
0.99327
0.993276
0.993285
0.993285
0.993298
0.993307
0.993308
0.993311
0.993315
0.993315
0.993324
0.993324
0.993331
0.993334
0.993334
0.993338
0.99334
0.993341
0.993341
0.993342
0.993342
0.993344
0.993347
0.99335
0.99335
0.993355
0.993361
0.993362
0.993362
0.993364
0.993365
0.993366
0.993366
0.993369
0.993369
0.99337
0.993373
0.993382
0.993383
0.993384
0.993403
0.993404
0.993405
0.993408
0.993409
0.993411
0.993411
0.993414
0.993417
0.993418
0.993421
0.993422
0.993426
0.993426
0.993429
0.99343
0.99343
0.993431
0.993432
0.993433
0.993434
0.99344
0.993444
0.993449
0.993452
0.993455
0.993458
0.993459
0.99346
0.99346
0.993461
0.993462
0.993462
0.993463
0.993474
0.993479
0.993479
0.99348
0.993481
0.993481
0.993486
0.993487
0.993489
0.993491
0.993494
0.993495
0.993495
0.993504
0.993504
0.993506
0.993508
0.993512
0.993512
0.993514
0.993514
0.993516
0.993519
0.993522
0.993525
0.99353
0.993534
0.993535
0.993541
0.993542
0.993547
0.993547
0.993548
0.993555
0.993563
0.993564
0.993566
0.993571
0.993575
0.993579
0.993581
0.993582
0.993583
0.993585
0.99359
0.993592
0.993593
0.993595
0.993603
0.993604
0.993606
0.993607
0.993608
0.993611
0.993612
0.993619
0.993626
0.993627
0.993631
0.993634
0.993637
0.993637
0.993638
0.993642
0.993643
0.993649
0.993651
0.993654
0.993656
0.993656
0.99366
0.993672
0.993673
0.993677
0.99368
0.99368
0.99368
0.993682
0.993689
0.993695
0.993697
0.993702
0.993703
0.993705
0.993707
0.993711
0.99372
0.99372
0.993723
0.993723
0.993723
0.993724
0.993728
0.993733
0.993735
0.993735
0.993736
0.993738
0.993738
0.993738
0.993742
0.993743
0.99375
0.993752
0.993758
0.993765
0.993765
0.993765
0.993766
0.993768
0.99377
0.993771
0.993773
0.993773
0.993775
0.993776
0.993783
0.993787
0.993788
0.993788
0.993794
0.993796
0.993798
0.993799
0.993799
0.993813
0.993815
0.993817
0.99382
0.993824
0.993825
0.993826
0.99383
0.993832
0.993833
0.993833
0.993834
0.993834
0.993837
0.993838
0.993838
0.993844
0.993844
0.993847
0.993852
0.99386
0.993862
0.993866
0.993868
0.993868
0.993873
0.993874
0.993877
0.993887
0.993889
0.993896
0.993896
0.993898
0.993899
0.99391
0.993915
0.993916
0.993917
0.993918
0.99392
0.99392
0.993922
0.993923
0.993924
0.993925
0.993928
0.99393
0.99393
0.993934
0.993934
0.993936
0.99394
0.993943
0.993945
0.993946
0.993946
0.993947
0.993948
0.99395
0.993954
0.993957
0.993961
0.993961
0.993963
0.993967
0.993968
0.99397
0.993973
0.993976
0.99398
0.99398
0.99398
0.993983
0.993985
0.993985
0.99399
0.993991
0.993991
0.993992
0.993996
0.994001
0.994002
0.994002
0.994007
0.994015
0.994016
0.99402
0.994024
0.994027
0.994028
0.994033
0.994039
0.99404
0.994042
0.994042
0.994042
0.994043
0.994044
0.994044
0.994048
0.994048
0.99405
0.994051
0.994052
0.994053
0.994055
0.994057
0.994058
0.994059
0.99406
0.99406
0.994063
0.994068
0.99407
0.994072
0.994075
0.994077
0.994078
0.99408
0.994082
0.994089
0.994093
0.994094
0.994095
0.994095
0.994095
0.994096
0.9941
0.994104
0.994108
0.994109
0.99411
0.994111
0.994111
0.994116
0.99412
0.994122
0.994128
0.994129
0.99413
0.99413
0.994133
0.994135
0.994136
0.994147
0.994149
0.994149
0.994154
0.994156
0.994157
0.994157
0.994158
0.994164
0.994168
0.994168
0.994172
0.994173
0.994176
0.994181
0.994184
0.994189
0.994195
0.994196
0.994197
0.994201
0.994202
0.994203
0.994203
0.994205
0.994206
0.994206
0.994208
0.994209
0.994215
0.994216
0.994218
0.994218
0.994219
0.99422
0.99422
0.994225
0.994225
0.994226
0.994227
0.994229
0.99423
0.994232
0.994233
0.994236
0.994239
0.99424
0.994241
0.994244
0.994248
0.994251
0.994254
0.994258
0.994261
0.994264
0.994265
0.994267
0.994268
0.994269
0.994271
0.994275
0.994277
0.994278
0.99428
0.994281
0.994284
0.994287
0.994288
0.994294
0.994296
0.994296
0.994297
0.994302
0.994305
0.994312
0.994314
0.994314
0.994322
0.994324
0.994325
0.994325
0.994326
0.99433
0.994332
0.994333
0.994335
0.994337
0.994346
0.99435
0.994354
0.994357
0.994358
0.994358
0.99436
0.994364
0.994364
0.994366
0.994366
0.994368
0.994368
0.994372
0.994373
0.994379
0.99438
0.994382
0.994382
0.994383
0.994384
0.994385
0.994385
0.99439
0.994391
0.994394
0.994395
0.994415
0.99442
0.994421
0.994422
0.994425
0.994429
0.994433
0.994433
0.994434
0.994436
0.994439
0.994442
0.994445
0.994446
0.994446
0.994447
0.994448
0.994448
0.994454
0.994458
0.994462
0.994463
0.994468
0.994468
0.994469
0.994472
0.994472
0.994474
0.994481
0.994481
0.994481
0.994482
0.994485
0.994486
0.994488
0.994491
0.994493
0.994496
0.994497
0.994497
0.994497
0.994498
0.994498
0.9945
0.994506
0.994519
0.99452
0.994522
0.994524
0.994525
0.994527
0.99453
0.994531
0.994533
0.994535
0.994536
0.994536
0.994537
0.994544
0.994549
0.994549
0.994557
0.994564
0.994565
0.994565
0.994566
0.994567
0.994568
0.994572
0.994574
0.994577
0.994581
0.994589
0.994589
0.994594
0.994594
0.994601
0.994601
0.994603
0.994608
0.99461
0.994611
0.994614
0.994619
0.99462
0.994623
0.994624
0.994626
0.994626
0.99463
0.994633
0.994633
0.994634
0.994636
0.994636
0.994638
0.994638
0.994639
0.994642
0.994644
0.994645
0.994649
0.994652
0.994652
0.994655
0.994656
0.994658
0.994662
0.994662
0.994663
0.994664
0.994665
0.994667
0.994667
0.994671
0.994671
0.994672
0.994673
0.994674
0.994674
0.994677
0.994677
0.994679
0.994685
0.994687
0.994689
0.994692
0.994693
0.994695
0.994696
0.994697
0.994697
0.994697
0.994698
0.994701
0.994703
0.994704
0.994706
0.994709
0.994712
0.994718
0.994726
0.994728
0.994733
0.99474
0.994742
0.994744
0.994751
0.994753
0.994757
0.99476
0.994766
0.994767
0.994772
0.994773
0.994773
0.994777
0.994782
0.994782
0.994788
0.994789
0.994789
0.994792
0.994793
0.994796
0.994799
0.994808
0.99481
0.994815
0.994815
0.994815
0.994818
0.994819
0.994819
0.99482
0.99482
0.99482
0.994823
0.994826
0.994829
0.994833
0.994833
0.994834
0.994836
0.99484
0.994844
0.994846
0.994848
0.99485
0.994855
0.994855
0.994856
0.994861
0.994863
0.994865
0.994867
0.99487
0.994872
0.994875
0.994875
0.994879
0.99488
0.994881
0.994883
0.994884
0.994889
0.994889
0.994905
0.994906
0.994908
0.994909
0.99491
0.994912
0.994916
0.994917
0.994918
0.994918
0.994919
0.994919
0.994919
0.994921
0.994927
0.994935
0.994937
0.994937
0.994938
0.994939
0.99494
0.994941
0.994944
0.994945
0.994949
0.994949
0.994952
0.994958
0.994964
0.994969
0.994976
0.994978
0.994979
0.994981
0.994982
0.994983
0.994984
0.994985
0.994987
0.994989
0.99499
0.99499
0.994993
0.994997
0.994999
0.994999
0.995002
0.995004
0.995005
0.99501
0.995012
0.995014
0.995018
0.995021
0.995021
0.995023
0.995029
0.995029
0.995031
0.995034
0.995035
0.995036
0.995053
0.995057
0.995063
0.995067
0.995068
0.995069
0.995076
0.99508
0.995081
0.995083
0.995085
0.995086
0.995088
0.995088
0.995091
0.995093
0.995095
0.995095
0.995102
0.995104
0.995104
0.995107
0.995112
0.995117
0.99512
0.995125
0.995125
0.995125
0.995128
0.995135
0.995135
0.995138
0.995141
0.995143
0.995144
0.995145
0.995148
0.995148
0.99515
0.99515
0.995151
0.995151
0.995152
0.995154
0.995156
0.995158
0.995163
0.995172
0.995172
0.995173
0.995174
0.995178
0.995183
0.995183
0.995186
0.995187
0.995192
0.995193
0.995194
0.995197
0.995198
0.995199
0.995199
0.995201
0.995201
0.995202
0.995202
0.995206
0.995208
0.995208
0.995209
0.995211
0.995212
0.995212
0.995213
0.995213
0.995216
0.995219
0.995219
0.995219
0.995222
0.995225
0.995226
0.995226
0.99523
0.99523
0.995232
0.995233
0.995235
0.99524
0.995243
0.995243
0.995245
0.995248
0.995251
0.995253
0.995257
0.995263
0.995263
0.995271
0.995272
0.995273
0.995274
0.995282
0.995282
0.995283
0.995287
0.995288
0.995289
0.995291
0.995292
0.995296
0.995306
0.99531
0.99531
0.995311
0.995313
0.995314
0.995321
0.995322
0.995323
0.995324
0.995326
0.995326
0.995331
0.995332
0.995335
0.995336
0.995339
0.995339
0.995339
0.995341
0.995344
0.995344
0.995344
0.995347
0.995352
0.995355
0.995358
0.995359
0.995359
0.995361
0.995361
0.995364
0.995365
0.995374
0.995377
0.995378
0.995382
0.995383
0.995383
0.995383
0.995388
0.995389
0.99539
0.995392
0.995394
0.995396
0.995396
0.995401
0.995401
0.995401
0.995402
0.995403
0.995406
0.995409
0.995412
0.995414
0.995416
0.995417
0.995418
0.995428
0.995431
0.995436
0.995438
0.995439
0.995439
0.995444
0.995448
0.995448
0.995448
0.995448
0.995449
0.995452
0.995454
0.995459
0.995461
0.995466
0.995473
0.995475
0.995479
0.99548
0.995481
0.995483
0.995485
0.995499
0.9955
0.995505
0.995512
0.995519
0.995523
0.995529
0.99553
0.99553
0.995531
0.995532
0.995534
0.995537
0.995538
0.995544
0.995546
0.995546
0.995546
0.995547
0.995549
0.995552
0.995553
0.995553
0.995555
0.995556
0.995556
0.995559
0.99556
0.995563
0.995564
0.995566
0.995574
0.995575
0.995576
0.995577
0.995578
0.995579
0.995581
0.995582
0.995584
0.995585
0.995586
0.995586
0.995587
0.995588
0.995589
0.99559
0.995591
0.995591
0.995596
0.995596
0.995598
0.995598
0.995599
0.995603
0.995608
0.99561
0.995611
0.995613
0.995614
0.995615
0.995617
0.995617
0.995618
0.995618
0.995626
0.995626
0.995627
0.995628
0.995631
0.995634
0.995637
0.995639
0.99564
0.995642
0.995643
0.995644
0.995646
0.995654
0.995654
0.995657
0.995657
0.995661
0.995662
0.995669
0.99567
0.99567
0.995671
0.995671
0.995672
0.995672
0.995675
0.995677
0.995681
0.995682
0.995685
0.995686
0.995687
0.995688
0.995694
0.995697
0.995699
0.995701
0.995703
0.995706
0.995713
0.995713
0.995714
0.995715
0.995716
0.995717
0.995718
0.995718
0.995722
0.995724
0.99573
0.995731
0.995735
0.995739
0.995744
0.995747
0.99576
0.99576
0.995765
0.995767
0.995768
0.995769
0.995771
0.995778
0.99578
0.995783
0.995785
0.995786
0.995789
0.995791
0.995794
0.995794
0.995795
0.995795
0.995795
0.995798
0.995799
0.995799
0.9958
0.995802
0.995805
0.995809
0.995812
0.995813
0.995823
0.995824
0.995825
0.995825
0.995828
0.995828
0.995835
0.995836
0.995836
0.995837
0.995837
0.995837
0.995843
0.995847
0.995848
0.99585
0.995851
0.995854
0.995854
0.995856
0.995862
0.995863
0.995865
0.995866
0.995868
0.99587
0.995871
0.995871
0.995873
0.995875
0.995878
0.995878
0.995881
0.995882
0.995885
0.995886
0.995886
0.995888
0.99589
0.99589
0.9959
0.995907
0.995908
0.995909
0.99591
0.99591
0.995918
0.995919
0.995928
0.995928
0.995929
0.995934
0.995935
0.995939
0.99594
0.995941
0.995943
0.995947
0.995951
0.995952
0.995953
0.995956
0.995959
0.995961
0.995962
0.995963
0.995964
0.995966
0.995969
0.99597
0.995972
0.995973
0.995976
0.995981
0.995983
0.995988
0.995989
0.995992
0.995993
0.995997
0.996
0.996003
0.99601
0.996018
0.99602
0.99602
0.996021
0.996022
0.996026
0.996032
0.996033
0.996034
0.996036
0.996039
0.99604
0.996041
0.996042
0.996043
0.996047
0.996048
0.996049
0.99605
0.996056
0.996058
0.996059
0.996059
0.996059
0.99606
0.996061
0.996064
0.996064
0.996064
0.996065
0.996068
0.99607
0.996077
0.996079
0.996083
0.996084
0.996085
0.996088
0.996089
0.99609
0.996091
0.996092
0.996094
0.996095
0.996105
0.996111
0.996112
0.996114
0.996115
0.996116
0.996116
0.996122
0.996123
0.996124
0.996126
0.996127
0.996128
0.996134
0.996134
0.996137
0.996138
0.996141
0.996144
0.996147
0.996147
0.996149
0.996149
0.996153
0.996155
0.996157
0.99616
0.996162
0.996165
0.996165
0.996167
0.996168
0.996171
0.996173
0.996174
0.996176
0.996177
0.996179
0.996182
0.996183
0.996186
0.996189
0.996191
0.996193
0.996196
0.996197
0.996202
0.996204
0.996209
0.996209
0.996213
0.996216
0.996222
0.996223
0.996227
0.99623
0.996231
0.996233
0.996238
0.996247
0.996251
0.996254
0.996257
0.996257
0.996258
0.996259
0.99626
0.99626
0.996269
0.996269
0.996272
0.996274
0.996278
0.996279
0.996281
0.996284
0.996284
0.996289
0.996298
0.996299
0.996304
0.996305
0.996307
0.996309
0.996309
0.996313
0.996314
0.996315
0.996316
0.996319
0.996322
0.996322
0.996323
0.996325
0.996326
0.996326
0.996328
0.996329
0.996329
0.996334
0.996336
0.99634
0.996342
0.996348
0.996351
0.996351
0.996353
0.996356
0.99636
0.996361
0.996362
0.996363
0.996363
0.996369
0.996371
0.996373
0.996373
0.996374
0.996376
0.996377
0.99638
0.996382
0.996383
0.996384
0.996384
0.996385
0.996386
0.996387
0.996388
0.996393
0.996393
0.996397
0.996407
0.996407
0.996411
0.996411
0.996414
0.99642
0.99642
0.996421
0.996425
0.996431
0.996432
0.996432
0.996432
0.996435
0.996435
0.99644
0.99644
0.99644
0.99644
0.996445
0.996448
0.99645
0.99645
0.996459
0.996464
0.996472
0.996473
0.996473
0.996473
0.996474
0.996478
0.996479
0.996481
0.996489
0.996492
0.996493
0.996494
0.996495
0.996496
0.996499
0.996503
0.996506
0.996508
0.996508
0.99651
0.996511
0.996513
0.996515
0.99652
0.996524
0.996527
0.996527
0.996527
0.996528
0.996529
0.99653
0.996537
0.996538
0.996539
0.996542
0.996543
0.996545
0.996545
0.996547
0.996553
0.996556
0.99656
0.996564
0.996572
0.996573
0.996575
0.996583
0.996591
0.996591
0.996591
0.996593
0.996593
0.996595
0.996596
0.996601
0.996601
0.996605
0.996608
0.99661
0.996613
0.996614
0.996616
0.996616
0.996617
0.996619
0.996623
0.996626
0.996626
0.99663
0.996633
0.99664
0.996641
0.996643
0.996643
0.996644
0.996646
0.996648
0.996655
0.996656
0.996657
0.996659
0.996659
0.996663
0.996664
0.996665
0.996668
0.996668
0.996669
0.996669
0.996672
0.996677
0.996679
0.99668
0.99668
0.996681
0.996682
0.996684
0.996691
0.996694
0.996696
0.996696
0.996697
0.996697
0.996701
0.996702
0.996705
0.996706
0.996706
0.996709
0.996709
0.996709
0.996714
0.996715
0.996716
0.996717
0.996717
0.99672
0.996723
0.99674
0.996744
0.996744
0.996745
0.996746
0.996747
0.99675
0.996757
0.996757
0.996759
0.996762
0.996764
0.996766
0.996772
0.996774
0.996775
0.996779
0.99678
0.996781
0.996781
0.996786
0.996788
0.996789
0.99679
0.996791
0.996793
0.996794
0.996795
0.996797
0.996797
0.996797
0.996801
0.996809
0.996812
0.996819
0.99682
0.996822
0.996824
0.996827
0.996828
0.996828
0.996835
0.996837
0.996837
0.996841
0.996841
0.996843
0.996844
0.996845
0.996847
0.996851
0.996854
0.996855
0.996856
0.996857
0.996863
0.996863
0.996864
0.996866
0.996867
0.996867
0.99687
0.996872
0.996873
0.996876
0.996877
0.996877
0.996878
0.996883
0.996884
0.996886
0.996888
0.996888
0.99689
0.996891
0.996894
0.996894
0.996894
0.996895
0.996899
0.996899
0.996901
0.996906
0.996908
0.996911
0.996913
0.996914
0.996921
0.996923
0.996925
0.996925
0.996928
0.996933
0.996935
0.996937
0.99694
0.99694
0.996943
0.996944
0.996946
0.996947
0.996947
0.996948
0.996949
0.996949
0.996949
0.99695
0.996953
0.996954
0.996956
0.996958
0.996959
0.996961
0.996964
0.996965
0.996971
0.996972
0.996975
0.996975
0.996976
0.996978
0.996982
0.996983
0.996983
0.996984
0.996985
0.996986
0.996986
0.996988
0.996997
0.996998
0.997001
0.997003
0.997007
0.99701
0.997014
0.997015
0.997019
0.997022
0.997023
0.997026
0.997028
0.997033
0.997036
0.99704
0.99704
0.997043
0.997043
0.997048
0.997052
0.997059
0.997062
0.997064
0.997065
0.997067
0.997068
0.997069
0.997073
0.997078
0.997078
0.997083
0.997084
0.997085
0.997086
0.997087
0.997088
0.997091
0.997096
0.997096
0.997096
0.9971
0.997101
0.997103
0.997103
0.997104
0.997105
0.997112
0.997115
0.997118
0.997119
0.997121
0.997123
0.997124
0.997126
0.99713
0.99713
0.997136
0.997137
0.997138
0.997143
0.997144
0.997146
0.99715
0.997152
0.997161
0.997161
0.997163
0.997165
0.997168
0.99717
0.99717
0.997173
0.997176
0.997176
0.997177
0.997181
0.997181
0.997184
0.997185
0.997186
0.997187
0.997187
0.997189
0.997189
0.997192
0.997198
0.997199
0.9972
0.997202
0.997203
0.997204
0.997204
0.997207
0.997213
0.997213
0.997217
0.99722
0.997221
0.997221
0.997222
0.997226
0.997233
0.997236
0.997237
0.997242
0.997247
0.997248
0.997248
0.99725
0.997252
0.99726
0.997261
0.997265
0.997269
0.997271
0.997271
0.997271
0.997273
0.997273
0.997276
0.99728
0.99728
0.997281
0.997282
0.997282
0.997282
0.997283
0.997285
0.99729
0.997291
0.997291
0.997294
0.997295
0.997296
0.997298
0.997301
0.997302
0.997305
0.997311
0.997311
0.997312
0.997313
0.997323
0.997328
0.997331
0.997331
0.997332
0.997337
0.997341
0.997342
0.997345
0.997346
0.99735
0.997351
0.997351
0.997352
0.997352
0.997352
0.997353
0.997353
0.997355
0.997355
0.997362
0.997364
0.997365
0.997366
0.997367
0.997371
0.997377
0.997382
0.997385
0.997385
0.997386
0.997387
0.997388
0.997388
0.99739
0.99739
0.997394
0.997394
0.997396
0.997396
0.997397
0.997399
0.9974
0.9974
0.997401
0.997401
0.997403
0.997404
0.997404
0.997405
0.997409
0.997411
0.997413
0.997421
0.997423
0.997425
0.997425
0.997426
0.997431
0.997433
0.997434
0.997436
0.997436
0.997436
0.997437
0.997438
0.997445
0.997445
0.997446
0.997447
0.997447
0.997448
0.99745
0.997451
0.997454
0.997455
0.997456
0.997458
0.997459
0.997459
0.997459
0.99746
0.997463
0.997465
0.997466
0.997467
0.997467
0.997468
0.997469
0.997469
0.997469
0.997474
0.997476
0.997477
0.997488
0.997489
0.997489
0.99749
0.99749
0.997491
0.997491
0.997494
0.997495
0.997498
0.997502
0.997503
0.997507
0.997509
0.99751
0.997511
0.997512
0.997514
0.997519
0.997523
0.997524
0.997524
0.997528
0.997531
0.997532
0.997533
0.997533
0.997537
0.997538
0.99754
0.997541
0.997544
0.997549
0.997549
0.99755
0.997551
0.997552
0.997552
0.997559
0.997559
0.99756
0.99756
0.99756
0.99756
0.99756
0.997565
0.997574
0.997574
0.997578
0.99758
0.997582
0.997582
0.997582
0.997583
0.997583
0.997586
0.997588
0.997589
0.997589
0.997596
0.997597
0.997601
0.997601
0.997601
0.997604
0.997605
0.997607
0.997608
0.997609
0.997609
0.99761
0.997611
0.997611
0.997616
0.997616
0.997619
0.997622
0.997624
0.997625
0.997628
0.997628
0.997634
0.997634
0.997635
0.997636
0.997637
0.997638
0.997639
0.997639
0.997639
0.997642
0.997644
0.997646
0.997647
0.997649
0.99765
0.997651
0.997653
0.997654
0.997658
0.997658
0.997659
0.99766
0.99766
0.99767
0.997673
0.997676
0.99768
0.997681
0.997683
0.997683
0.997686
0.997689
0.997689
0.997691
0.997691
0.997693
0.997694
0.997694
0.997695
0.997698
0.997699
0.997699
0.997701
0.997709
0.997712
0.997717
0.997718
0.997723
0.997724
0.997732
0.997733
0.997733
0.997734
0.997736
0.997737
0.997741
0.997742
0.997744
0.997744
0.997747
0.997751
0.997753
0.997754
0.997756
0.99776
0.997761
0.997763
0.997764
0.997765
0.997767
0.997769
0.997774
0.997774
0.997776
0.997776
0.997777
0.997777
0.997777
0.997777
0.997778
0.997779
0.997781
0.997782
0.997784
0.997785
0.997788
0.99779
0.997791
0.997794
0.997796
0.997801
0.997804
0.997806
0.997807
0.997809
0.997812
0.997816
0.997817
0.997819
0.997822
0.997823
0.997823
0.997825
0.997829
0.99783
0.997831
0.997834
0.997836
0.997837
0.99784
0.99784
0.99784
0.997841
0.997844
0.997845
0.997845
0.997846
0.997848
0.997848
0.99785
0.997852
0.997858
0.99786
0.997866
0.997868
0.997869
0.99787
0.997873
0.997873
0.997875
0.997876
0.997877
0.997885
0.997886
0.997887
0.997893
0.997897
0.997897
0.9979
0.997901
0.997902
0.997904
0.997904
0.997905
0.997909
0.997911
0.997915
0.997916
0.997919
0.997919
0.997926
0.997926
0.997927
0.997927
0.99793
0.997935
0.997936
0.997943
0.997945
0.997945
0.997948
0.997948
0.997948
0.99795
0.99795
0.997955
0.997956
0.997957
0.99796
0.997961
0.997963
0.997965
0.997966
0.997966
0.997967
0.997968
0.997969
0.997969
0.997971
0.997972
0.997973
0.997973
0.997973
0.997974
0.997976
0.997977
0.997979
0.997979
0.997981
0.997981
0.997988
0.997989
0.997991
0.997992
0.997994
0.997994
0.997995
0.997996
0.998
0.998001
0.998004
0.998004
0.998005
0.998011
0.998012
0.998015
0.998017
0.998017
0.998017
0.998019
0.998023
0.998023
0.998024
0.998029
0.998029
0.99803
0.998033
0.998035
0.998035
0.998038
0.99804
0.998042
0.998044
0.998046
0.998051
0.998057
0.998063
0.998065
0.998065
0.998068
0.998068
0.998072
0.998074
0.998077
0.998077
0.998077
0.99808
0.99808
0.998081
0.998082
0.998084
0.998085
0.998087
0.998093
0.998093
0.998095
0.9981
0.9981
0.998101
0.998102
0.998103
0.998104
0.998108
0.998108
0.998109
0.998116
0.998117
0.99812
0.998123
0.998124
0.998127
0.998128
0.998129
0.998132
0.998134
0.998134
0.998141
0.998143
0.998143
0.998143
0.998147
0.998147
0.99815
0.998151
0.998152
0.998153
0.998153
0.998154
0.998158
0.998159
0.998161
0.998166
0.998167
0.998168
0.998168
0.998173
0.998175
0.998175
0.998182
0.998189
0.998192
0.998193
0.998194
0.998202
0.998202
0.998202
0.998207
0.998208
0.99821
0.998211
0.998211
0.998212
0.998215
0.998216
0.998218
0.998218
0.998219
0.998219
0.998219
0.99822
0.99822
0.99822
0.998222
0.998224
0.998225
0.998229
0.99823
0.998232
0.998236
0.998242
0.998245
0.998246
0.998249
0.998249
0.99825
0.998251
0.998254
0.998254
0.998259
0.998262
0.998263
0.998268
0.998268
0.998269
0.998272
0.998273
0.998273
0.998279
0.998279
0.998281
0.998285
0.998285
0.998285
0.998289
0.998291
0.998295
0.998295
0.9983
0.998302
0.998302
0.998304
0.998306
0.998308
0.998309
0.998311
0.998313
0.998314
0.998319
0.998324
0.998325
0.998325
0.99833
0.99833
0.998331
0.998332
0.998333
0.998335
0.998335
0.99834
0.99834
0.99834
0.998344
0.998345
0.998346
0.998346
0.998347
0.998347
0.998347
0.998353
0.998357
0.998359
0.998359
0.99836
0.998368
0.998368
0.998369
0.998374
0.998375
0.998375
0.99838
0.99838
0.998386
0.998388
0.998389
0.99839
0.998393
0.998394
0.998398
0.998399
0.998399
0.998403
0.998406
0.998407
0.99841
0.998412
0.998413
0.998413
0.998414
0.998418
0.998418
0.998419
0.998422
0.998425
0.998425
0.998429
0.99843
0.998432
0.998437
0.998437
0.998439
0.998443
0.998444
0.998446
0.998448
0.99845
0.998455
0.99846
0.99846
0.998461
0.998463
0.998464
0.998464
0.99847
0.99847
0.998472
0.998473
0.998474
0.998481
0.998483
0.998484
0.998485
0.998485
0.998487
0.998488
0.99849
0.998491
0.998491
0.998493
0.998496
0.998496
0.998498
0.9985
0.998504
0.998505
0.998508
0.998508
0.99851
0.99851
0.998511
0.998518
0.998518
0.998519
0.998523
0.998524
0.998527
0.998528
0.99853
0.99853
0.998532
0.998538
0.99854
0.998541
0.998548
0.998551
0.998552
0.998554
0.998556
0.998559
0.998561
0.998564
0.998565
0.998568
0.998571
0.998571
0.998572
0.998575
0.998575
0.998577
0.998578
0.998581
0.998583
0.998586
0.998587
0.998587
0.998589
0.998591
0.998592
0.998593
0.998599
0.9986
0.998602
0.998605
0.998606
0.998607
0.998609
0.99861
0.998612
0.998612
0.998614
0.998617
0.998618
0.998619
0.998623
0.998623
0.998625
0.998626
0.998629
0.998629
0.998632
0.998633
0.998633
0.998637
0.998641
0.998642
0.998642
0.998643
0.998645
0.998651
0.998652
0.998656
0.998658
0.998662
0.998668
0.998669
0.998669
0.99867
0.998675
0.998677
0.998678
0.998683
0.998685
0.998698
0.998698
0.998701
0.998702
0.998702
0.998702
0.998703
0.998703
0.998704
0.998707
0.99871
0.998711
0.998712
0.998712
0.998714
0.998715
0.998717
0.998718
0.998722
0.998724
0.998724
0.998728
0.99873
0.998735
0.998735
0.998737
0.998737
0.998737
0.998738
0.998739
0.998739
0.998743
0.998744
0.998747
0.998748
0.998753
0.998754
0.998754
0.998756
0.998756
0.99876
0.998764
0.998764
0.998764
0.998764
0.998767
0.998768
0.998768
0.998772
0.998774
0.998777
0.998777
0.998779
0.99878
0.998782
0.998783
0.998787
0.998788
0.998795
0.998795
0.998797
0.998798
0.998801
0.998801
0.998809
0.99881
0.998813
0.998815
0.998819
0.998821
0.99883
0.99883
0.998835
0.998836
0.998838
0.998839
0.998841
0.998842
0.998843
0.998843
0.998844
0.998844
0.998846
0.998846
0.998848
0.998849
0.998855
0.998855
0.998861
0.998863
0.998868
0.998869
0.998869
0.998872
0.998875
0.998877
0.998883
0.998883
0.998884
0.998885
0.998887
0.998888
0.998889
0.998891
0.998891
0.998893
0.998895
0.998907
0.998907
0.998911
0.998911
0.998913
0.998914
0.998917
0.998918
0.998918
0.998918
0.99892
0.998922
0.998922
0.998923
0.998925
0.998926
0.998926
0.998928
0.998929
0.99893
0.998935
0.998935
0.998936
0.998936
0.99894
0.998942
0.998948
0.998948
0.998949
0.998953
0.998953
0.998955
0.998957
0.998958
0.998962
0.998962
0.998963
0.998964
0.998967
0.998969
0.998973
0.998974
0.998974
0.998977
0.998979
0.998981
0.998986
0.998986
0.998988
0.998989
0.998993
0.998995
0.999001
0.999002
0.999003
0.999004
0.999006
0.999007
0.999009
0.999014
0.999014
0.999017
0.999018
0.999019
0.999023
0.999029
0.999033
0.999036
0.999038
0.999039
0.999041
0.999043
0.999044
0.999044
0.999045
0.999046
0.999046
0.99905
0.99905
0.999052
0.999054
0.999054
0.999055
0.999056
0.99906
0.999061
0.999064
0.999065
0.999066
0.999066
0.999067
0.999073
0.999073
0.999074
0.999077
0.999078
0.999081
0.999084
0.999086
0.999086
0.999089
0.999089
0.999091
0.999091
0.999092
0.999093
0.999093
0.999094
0.999095
0.999096
0.999099
0.999099
0.9991
0.999101
0.999105
0.99911
0.999113
0.999115
0.999117
0.999117
0.999121
0.999125
0.999128
0.999128
0.999129
0.99913
0.99913
0.999131
0.999132
0.999134
0.999134
0.999135
0.999137
0.999139
0.999142
0.999143
0.999143
0.999144
0.999145
0.999147
0.99915
0.999152
0.999152
0.999154
0.999155
0.999156
0.999159
0.999159
0.999161
0.999163
0.999163
0.999169
0.999171
0.999171
0.999172
0.99918
0.999181
0.999184
0.999187
0.999191
0.9992
0.999201
0.999206
0.999207
0.999211
0.999211
0.999216
0.999216
0.999219
0.99922
0.999222
0.999224
0.999228
0.999248
0.99925
0.999254
0.999257
0.99926
0.999263
0.999267
0.999269
0.99927
0.99927
0.999272
0.999272
0.999274
0.999274
0.999274
0.999274
0.999275
0.999275
0.999276
0.999277
0.999282
0.999283
0.999285
0.999285
0.999286
0.99929
0.999295
0.999295
0.999295
0.999297
0.999299
0.999303
0.999305
0.999311
0.999311
0.999312
0.999313
0.999314
0.999318
0.999318
0.99932
0.999323
0.999325
0.999329
0.999331
0.999331
0.999332
0.999334
0.999336
0.999339
0.999342
0.999342
0.999343
0.999345
0.999346
0.999346
0.999346
0.999348
0.999349
0.99935
0.999351
0.999355
0.999356
0.999357
0.999358
0.999359
0.999359
0.999361
0.999362
0.999364
0.999365
0.999365
0.999369
0.999372
0.999373
0.999381
0.999383
0.999389
0.999389
0.999395
0.999395
0.999399
0.999401
0.999403
0.999404
0.999409
0.999411
0.999411
0.999412
0.999412
0.999413
0.999422
0.999424
0.99943
0.999432
0.999436
0.999438
0.999442
0.999449
0.999457
0.999458
0.999465
0.999465
0.999467
0.999468
0.99947
0.999471
0.999478
0.99948
0.99948
0.999486
0.999486
0.99949
0.999493
0.999495
0.999495
0.999497
0.999498
0.999505
0.999507
0.99951
0.999512
0.999513
0.999514
0.999522
0.999527
0.999528
0.999528
0.999528
0.99953
0.999532
0.999533
0.999533
0.999535
0.999536
0.999542
0.999544
0.999551
0.999556
0.999559
0.99956
0.999561
0.999564
0.999564
0.999566
0.999568
0.999569
0.99957
0.999575
0.999576
0.999578
0.999578
0.999579
0.99958
0.999582
0.999582
0.999582
0.999582
0.999583
0.999585
0.999585
0.999585
0.999589
0.999591
0.999592
0.999599
0.9996
0.9996
0.999601
0.999601
0.999606
0.999607
0.999608
0.999608
0.999609
0.99961
0.999611
0.999612
0.999613
0.999614
0.999615
0.999617
0.999618
0.999618
0.999619
0.999626
0.999626
0.999629
0.99963
0.99963
0.999633
0.999634
0.999636
0.999638
0.999638
0.999642
0.999642
0.999642
0.999643
0.99965
0.999657
0.99966
0.999661
0.999664
0.999664
0.999673
0.999677
0.999678
0.999678
0.999679
0.999679
0.99968
0.999688
0.999691
0.999691
0.999693
0.999694
0.999699
0.999699
0.999702
0.999712
0.999712
0.999713
0.999715
0.999718
0.999719
0.999722
0.999723
0.999724
0.999732
0.999738
0.999747
0.999748
0.99975
0.999751
0.999751
0.999752
0.999753
0.999754
0.999754
0.999756
0.999759
0.99976
0.99976
0.999764
0.999766
0.999773
0.999775
0.999775
0.999775
0.999777
0.999778
0.99978
0.999783
0.999784
0.999786
0.99979
0.99979
0.999792
0.999792
0.999792
0.999792
0.999795
0.999799
0.999803
0.999806
0.999806
0.999809
0.99981
0.99981
0.999815
0.999817
0.999818
0.999822
0.999822
0.999823
0.999828
0.999829
0.99983
0.999836
0.999837
0.999838
0.999841
0.999842
0.999843
0.999846
0.999848
0.999851
0.999851
0.999852
0.999854
0.999854
0.999856
0.999857
0.999858
0.999859
0.99986
0.999865
0.999872
0.999872
0.999873
0.999874
0.999875
0.999876
0.999876
0.99988
0.99988
0.999882
0.999883
0.999889
0.999892
0.999895
0.999895
0.999896
0.999897
0.9999
0.9999
0.999902
0.999908
0.999915
0.999915
0.999916
0.999917
0.999917
0.999926
0.999926
0.999927
0.999928
0.999933
0.999933
0.999936
0.999936
0.99994
0.99994
0.999943
0.999944
0.999945
0.999946
0.999949
0.999951
0.999954
0.999956
0.999957
0.999958
0.999959
0.99996
0.99996
0.99996
0.999964
0.999965
0.999968
0.999972
0.999972
0.999973
0.999973
0.999974
0.999974
0.999974
0.999979
0.999981
0.999982
0.999987
0.999991
0.999992
0.999993
0.999994
0.999996
0.999997
0.999997
0.999999
0.999999
1
1.00001
1.00001
1.00001
1.00002
1.00002
1.00003
1.00003
1.00003
1.00003
1.00003
1.00003
1.00004
1.00004
1.00004
1.00004
1.00004
1.00005
1.00005
1.00005
1.00005
1.00005
1.00006
1.00006
1.00006
1.00006
1.00006
1.00006
1.00006
1.00007
1.00007
1.00007
1.00007
1.00008
1.00008
1.00008
1.00008
1.00009
1.00009
1.00009
1.0001
1.0001
1.0001
1.0001
1.0001
1.0001
1.00011
1.00011
1.00011
1.00011
1.00012
1.00012
1.00012
1.00012
1.00013
1.00013
1.00013
1.00013
1.00013
1.00013
1.00013
1.00014
1.00014
1.00014
1.00015
1.00015
1.00015
1.00015
1.00016
1.00016
1.00016
1.00016
1.00016
1.00017
1.00017
1.00017
1.00018
1.00018
1.00018
1.00018
1.00018
1.00019
1.00019
1.00019
1.00019
1.0002
1.0002
1.0002
1.0002
1.0002
1.0002
1.0002
1.00021
1.00021
1.00021
1.00021
1.00021
1.00021
1.00022
1.00022
1.00022
1.00022
1.00022
1.00022
1.00022
1.00023
1.00023
1.00023
1.00023
1.00023
1.00023
1.00024
1.00024
1.00024
1.00024
1.00024
1.00025
1.00025
1.00025
1.00025
1.00026
1.00026
1.00027
1.00027
1.00027
1.00027
1.00028
1.00028
1.00028
1.00028
1.00028
1.00028
1.00028
1.00029
1.00029
1.00029
1.00029
1.00029
1.00029
1.00029
1.0003
1.0003
1.0003
1.0003
1.0003
1.0003
1.0003
1.0003
1.0003
1.0003
1.0003
1.00031
1.00031
1.00031
1.00031
1.00031
1.00031
1.00032
1.00032
1.00032
1.00032
1.00032
1.00033
1.00033
1.00033
1.00033
1.00033
1.00034
1.00034
1.00034
1.00034
1.00034
1.00034
1.00034
1.00034
1.00035
1.00035
1.00035
1.00036
1.00036
1.00036
1.00036
1.00036
1.00037
1.00037
1.00037
1.00037
1.00037
1.00038
1.00038
1.00038
1.00038
1.00038
1.00038
1.00039
1.00039
1.0004
1.0004
1.0004
1.0004
1.0004
1.0004
1.00041
1.00041
1.00042
1.00042
1.00042
1.00042
1.00042
1.00043
1.00043
1.00043
1.00043
1.00043
1.00044
1.00044
1.00044
1.00044
1.00044
1.00044
1.00044
1.00044
1.00044
1.00044
1.00044
1.00045
1.00045
1.00045
1.00045
1.00045
1.00046
1.00046
1.00046
1.00046
1.00046
1.00046
1.00047
1.00047
1.00047
1.00047
1.00048
1.00048
1.00048
1.00048
1.00048
1.00048
1.00048
1.00049
1.00049
1.0005
1.0005
1.0005
1.0005
1.0005
1.00051
1.00051
1.00051
1.00051
1.00052
1.00052
1.00053
1.00053
1.00053
1.00053
1.00053
1.00053
1.00054
1.00054
1.00054
1.00054
1.00055
1.00055
1.00055
1.00055
1.00055
1.00055
1.00055
1.00056
1.00056
1.00056
1.00056
1.00056
1.00056
1.00056
1.00056
1.00056
1.00057
1.00057
1.00057
1.00057
1.00057
1.00057
1.00057
1.00057
1.00058
1.00058
1.00058
1.00058
1.00058
1.00058
1.00058
1.00058
1.00058
1.00059
1.00059
1.0006
1.0006
1.0006
1.0006
1.0006
1.00061
1.00061
1.00061
1.00061
1.00061
1.00062
1.00062
1.00062
1.00062
1.00062
1.00062
1.00063
1.00063
1.00063
1.00063
1.00063
1.00063
1.00064
1.00064
1.00064
1.00064
1.00064
1.00065
1.00065
1.00065
1.00065
1.00065
1.00065
1.00066
1.00066
1.00066
1.00066
1.00067
1.00067
1.00067
1.00067
1.00067
1.00067
1.00067
1.00067
1.00068
1.00068
1.00068
1.00068
1.00068
1.00068
1.00068
1.00068
1.00069
1.00069
1.00069
1.00069
1.0007
1.0007
1.0007
1.0007
1.0007
1.0007
1.0007
1.00071
1.00071
1.00071
1.00071
1.00072
1.00072
1.00072
1.00073
1.00073
1.00073
1.00073
1.00074
1.00074
1.00074
1.00074
1.00075
1.00075
1.00075
1.00075
1.00075
1.00076
1.00076
1.00076
1.00076
1.00077
1.00077
1.00077
1.00078
1.00078
1.00078
1.00078
1.00078
1.00079
1.00079
1.00079
1.00079
1.00079
1.00079
1.00079
1.0008
1.0008
1.0008
1.0008
1.00081
1.00081
1.00081
1.00081
1.00081
1.00081
1.00082
1.00082
1.00082
1.00082
1.00082
1.00083
1.00083
1.00083
1.00083
1.00083
1.00083
1.00083
1.00083
1.00084
1.00084
1.00084
1.00085
1.00085
1.00085
1.00086
1.00086
1.00087
1.00087
1.00087
1.00087
1.00087
1.00087
1.00087
1.00087
1.00087
1.00088
1.00088
1.00088
1.00088
1.00088
1.00088
1.00088
1.00089
1.00089
1.00089
1.00089
1.00089
1.00089
1.0009
1.0009
1.0009
1.0009
1.0009
1.00091
1.00091
1.00091
1.00092
1.00092
1.00092
1.00092
1.00093
1.00093
1.00093
1.00094
1.00094
1.00094
1.00095
1.00095
1.00095
1.00096
1.00096
1.00096
1.00097
1.00097
1.00097
1.00097
1.00098
1.00099
1.00099
1.00099
1.00099
1.001
1.001
1.001
1.001
1.001
1.001
1.001
1.001
1.00101
1.00101
1.00101
1.00101
1.00101
1.00101
1.00102
1.00102
1.00102
1.00102
1.00102
1.00103
1.00103
1.00103
1.00103
1.00104
1.00104
1.00105
1.00105
1.00106
1.00106
1.00106
1.00107
1.00107
1.00107
1.00107
1.00108
1.00108
1.00108
1.00109
1.00109
1.00109
1.00109
1.0011
1.0011
1.0011
1.0011
1.00111
1.00111
1.00111
1.00111
1.00111
1.00112
1.00112
1.00112
1.00112
1.00113
1.00113
1.00113
1.00113
1.00113
1.00113
1.00114
1.00114
1.00114
1.00114
1.00115
1.00115
1.00115
1.00115
1.00115
1.00116
1.00116
1.00116
1.00116
1.00117
1.00117
1.00117
1.00117
1.00117
1.00118
1.00119
1.00119
1.00119
1.00119
1.00119
1.00119
1.00119
1.00119
1.0012
1.0012
1.0012
1.0012
1.0012
1.00121
1.00121
1.00121
1.00121
1.00121
1.00122
1.00122
1.00122
1.00122
1.00122
1.00123
1.00123
1.00123
1.00123
1.00124
1.00124
1.00124
1.00124
1.00124
1.00124
1.00125
1.00125
1.00125
1.00125
1.00125
1.00125
1.00125
1.00125
1.00125
1.00126
1.00126
1.00126
1.00127
1.00127
1.00128
1.00128
1.00128
1.00128
1.00129
1.00129
1.00129
1.00129
1.00129
1.00129
1.00129
1.0013
1.0013
1.00131
1.00131
1.00131
1.00131
1.00131
1.00132
1.00132
1.00132
1.00132
1.00132
1.00133
1.00133
1.00133
1.00133
1.00133
1.00134
1.00134
1.00134
1.00134
1.00134
1.00134
1.00134
1.00134
1.00135
1.00135
1.00136
1.00136
1.00136
1.00136
1.00136
1.00136
1.00136
1.00136
1.00136
1.00136
1.00136
1.00136
1.00137
1.00137
1.00137
1.00137
1.00137
1.00137
1.00137
1.00138
1.00138
1.00138
1.00138
1.00138
1.00138
1.00138
1.00138
1.00138
1.00138
1.00138
1.00138
1.00138
1.00139
1.00139
1.0014
1.0014
1.0014
1.0014
1.0014
1.00141
1.00141
1.00141
1.00141
1.00141
1.00141
1.00141
1.00141
1.00141
1.00141
1.00142
1.00142
1.00142
1.00143
1.00143
1.00143
1.00143
1.00143
1.00143
1.00143
1.00144
1.00145
1.00145
1.00145
1.00145
1.00146
1.00146
1.00146
1.00146
1.00146
1.00146
1.00146
1.00146
1.00146
1.00147
1.00147
1.00147
1.00147
1.00147
1.00147
1.00147
1.00148
1.00148
1.00148
1.00149
1.00149
1.00149
1.0015
1.0015
1.0015
1.0015
1.0015
1.00151
1.00151
1.00151
1.00151
1.00152
1.00152
1.00152
1.00152
1.00152
1.00152
1.00152
1.00153
1.00153
1.00153
1.00153
1.00153
1.00153
1.00153
1.00153
1.00154
1.00154
1.00154
1.00154
1.00155
1.00155
1.00155
1.00155
1.00155
1.00155
1.00155
1.00156
1.00156
1.00156
1.00157
1.00157
1.00157
1.00157
1.00158
1.00158
1.00158
1.00158
1.00158
1.00158
1.00158
1.00159
1.00159
1.00159
1.00159
1.00159
1.00159
1.0016
1.0016
1.0016
1.0016
1.0016
1.00161
1.00161
1.00161
1.00161
1.00161
1.00162
1.00162
1.00163
1.00163
1.00163
1.00163
1.00164
1.00164
1.00164
1.00164
1.00164
1.00165
1.00165
1.00165
1.00165
1.00165
1.00165
1.00165
1.00166
1.00166
1.00166
1.00166
1.00166
1.00166
1.00166
1.00166
1.00167
1.00167
1.00167
1.00167
1.00168
1.00168
1.00168
1.00168
1.00168
1.00169
1.00169
1.00169
1.00169
1.0017
1.0017
1.0017
1.0017
1.00171
1.00171
1.00171
1.00171
1.00171
1.00171
1.00171
1.00171
1.00172
1.00172
1.00172
1.00172
1.00172
1.00173
1.00174
1.00174
1.00174
1.00174
1.00174
1.00174
1.00175
1.00175
1.00175
1.00175
1.00175
1.00176
1.00176
1.00176
1.00176
1.00177
1.00177
1.00177
1.00178
1.00178
1.00178
1.00178
1.00178
1.00178
1.00179
1.00179
1.00179
1.00179
1.00179
1.00179
1.00179
1.0018
1.0018
1.0018
1.0018
1.00181
1.00181
1.00181
1.00181
1.00181
1.00181
1.00182
1.00182
1.00182
1.00182
1.00182
1.00182
1.00182
1.00183
1.00183
1.00183
1.00183
1.00183
1.00184
1.00184
1.00184
1.00184
1.00184
1.00184
1.00185
1.00185
1.00185
1.00185
1.00186
1.00186
1.00186
1.00186
1.00186
1.00188
1.00188
1.00188
1.00189
1.00189
1.00189
1.00189
1.00189
1.00189
1.00189
1.0019
1.0019
1.0019
1.0019
1.0019
1.00191
1.00191
1.00191
1.00191
1.00191
1.00191
1.00192
1.00192
1.00192
1.00192
1.00192
1.00192
1.00193
1.00193
1.00193
1.00193
1.00194
1.00194
1.00194
1.00194
1.00194
1.00194
1.00194
1.00194
1.00195
1.00195
1.00195
1.00196
1.00196
1.00196
1.00196
1.00197
1.00197
1.00197
1.00197
1.00197
1.00197
1.00197
1.00198
1.00198
1.00198
1.00198
1.00199
1.00199
1.002
1.002
1.002
1.00201
1.00201
1.00201
1.00201
1.00201
1.00201
1.00201
1.00202
1.00202
1.00202
1.00203
1.00203
1.00203
1.00203
1.00203
1.00204
1.00204
1.00204
1.00205
1.00205
1.00205
1.00205
1.00206
1.00206
1.00206
1.00206
1.00206
1.00206
1.00207
1.00207
1.00207
1.00207
1.00207
1.00207
1.00207
1.00207
1.00208
1.00208
1.00208
1.00209
1.00209
1.00209
1.00209
1.00209
1.0021
1.00211
1.00212
1.00212
1.00212
1.00212
1.00212
1.00213
1.00213
1.00213
1.00213
1.00214
1.00214
1.00214
1.00214
1.00215
1.00215
1.00215
1.00215
1.00216
1.00216
1.00216
1.00216
1.00216
1.00216
1.00217
1.00217
1.00217
1.00217
1.00217
1.00217
1.00217
1.00218
1.00218
1.00218
1.00218
1.00218
1.00218
1.00218
1.00218
1.00219
1.00219
1.00219
1.00219
1.00219
1.0022
1.0022
1.0022
1.0022
1.0022
1.00221
1.00221
1.00221
1.00221
1.00221
1.00221
1.00222
1.00222
1.00222
1.00222
1.00222
1.00222
1.00223
1.00223
1.00223
1.00223
1.00223
1.00223
1.00224
1.00224
1.00224
1.00225
1.00225
1.00225
1.00225
1.00226
1.00226
1.00226
1.00227
1.00227
1.00227
1.00227
1.00227
1.00228
1.00228
1.00229
1.00229
1.00229
1.00229
1.00229
1.0023
1.0023
1.0023
1.0023
1.0023
1.0023
1.00231
1.00231
1.00231
1.00231
1.00232
1.00232
1.00232
1.00232
1.00232
1.00232
1.00233
1.00233
1.00233
1.00233
1.00233
1.00233
1.00234
1.00234
1.00234
1.00234
1.00235
1.00235
1.00235
1.00235
1.00236
1.00236
1.00236
1.00238
1.00238
1.00238
1.00238
1.00238
1.00238
1.00238
1.00238
1.00238
1.00239
1.00239
1.00239
1.00239
1.00239
1.0024
1.0024
1.0024
1.0024
1.0024
1.00241
1.00241
1.00241
1.00241
1.00241
1.00242
1.00242
1.00242
1.00242
1.00242
1.00243
1.00244
1.00244
1.00244
1.00244
1.00244
1.00244
1.00245
1.00245
1.00245
1.00245
1.00245
1.00246
1.00246
1.00246
1.00246
1.00246
1.00246
1.00246
1.00247
1.00247
1.00247
1.00247
1.00247
1.00247
1.00247
1.00248
1.00248
1.00248
1.00248
1.00248
1.00248
1.00248
1.00248
1.00249
1.00249
1.00249
1.00249
1.00249
1.00249
1.00249
1.00249
1.00249
1.00251
1.00251
1.00251
1.00251
1.00251
1.00251
1.00252
1.00252
1.00252
1.00252
1.00252
1.00252
1.00252
1.00253
1.00253
1.00253
1.00253
1.00253
1.00254
1.00254
1.00254
1.00254
1.00254
1.00254
1.00255
1.00255
1.00255
1.00256
1.00256
1.00256
1.00256
1.00257
1.00257
1.00257
1.00257
1.00257
1.00258
1.00258
1.00258
1.00258
1.00258
1.00258
1.00258
1.00259
1.00259
1.00259
1.00259
1.00259
1.00259
1.00259
1.0026
1.0026
1.00261
1.00261
1.00261
1.00261
1.00262
1.00262
1.00262
1.00262
1.00263
1.00264
1.00264
1.00264
1.00264
1.00264
1.00264
1.00264
1.00264
1.00264
1.00265
1.00265
1.00266
1.00266
1.00266
1.00266
1.00266
1.00266
1.00266
1.00266
1.00267
1.00267
1.00267
1.00267
1.00268
1.00268
1.00268
1.00268
1.00269
1.00269
1.0027
1.0027
1.0027
1.0027
1.0027
1.0027
1.00271
1.00271
1.00271
1.00271
1.00271
1.00271
1.00272
1.00272
1.00272
1.00272
1.00272
1.00273
1.00273
1.00273
1.00273
1.00273
1.00273
1.00273
1.00274
1.00275
1.00275
1.00275
1.00276
1.00276
1.00276
1.00276
1.00277
1.00277
1.00277
1.00277
1.00278
1.00278
1.00278
1.00278
1.00279
1.00279
1.00279
1.00279
1.00279
1.00279
1.0028
1.0028
1.0028
1.0028
1.00281
1.00281
1.00281
1.00281
1.00282
1.00283
1.00283
1.00283
1.00284
1.00284
1.00284
1.00284
1.00284
1.00284
1.00285
1.00285
1.00285
1.00286
1.00286
1.00286
1.00286
1.00286
1.00286
1.00286
1.00287
1.00287
1.00288
1.00288
1.00288
1.00288
1.00289
1.00289
1.00289
1.0029
1.0029
1.0029
1.0029
1.0029
1.0029
1.0029
1.00291
1.00291
1.00291
1.00291
1.00291
1.00292
1.00292
1.00292
1.00292
1.00292
1.00292
1.00292
1.00293
1.00293
1.00293
1.00293
1.00293
1.00294
1.00294
1.00294
1.00295
1.00295
1.00295
1.00295
1.00295
1.00296
1.00296
1.00297
1.00297
1.00297
1.00299
1.00299
1.003
1.003
1.003
1.00301
1.00301
1.00301
1.00302
1.00302
1.00302
1.00302
1.00302
1.00302
1.00303
1.00303
1.00303
1.00303
1.00303
1.00304
1.00304
1.00304
1.00304
1.00304
1.00304
1.00305
1.00305
1.00305
1.00305
1.00305
1.00306
1.00306
1.00306
1.00306
1.00306
1.00306
1.00307
1.00308
1.00308
1.00308
1.00309
1.00309
1.00309
1.00309
1.00309
1.0031
1.0031
1.0031
1.0031
1.00311
1.00311
1.00312
1.00312
1.00312
1.00313
1.00313
1.00314
1.00314
1.00314
1.00315
1.00315
1.00315
1.00316
1.00316
1.00316
1.00316
1.00316
1.00316
1.00317
1.00317
1.00317
1.00317
1.00318
1.00318
1.00318
1.00318
1.00319
1.00319
1.00319
1.00319
1.0032
1.0032
1.0032
1.0032
1.0032
1.00321
1.00321
1.00321
1.00321
1.00321
1.00321
1.00322
1.00322
1.00322
1.00322
1.00323
1.00323
1.00323
1.00323
1.00323
1.00323
1.00324
1.00324
1.00324
1.00324
1.00324
1.00325
1.00325
1.00325
1.00325
1.00326
1.00326
1.00326
1.00326
1.00327
1.00327
1.00327
1.00327
1.00327
1.00328
1.00328
1.00328
1.00328
1.00329
1.00329
1.00329
1.00329
1.00329
1.0033
1.0033
1.0033
1.0033
1.00331
1.00331
1.00331
1.00332
1.00332
1.00333
1.00333
1.00333
1.00333
1.00334
1.00334
1.00334
1.00334
1.00334
1.00334
1.00334
1.00334
1.00335
1.00335
1.00335
1.00335
1.00335
1.00335
1.00335
1.00336
1.00336
1.00336
1.00336
1.00337
1.00337
1.00337
1.00337
1.00337
1.00337
1.00337
1.00338
1.00338
1.00338
1.00338
1.00339
1.00339
1.00339
1.00339
1.0034
1.0034
1.0034
1.0034
1.0034
1.0034
1.0034
1.0034
1.00341
1.00341
1.00341
1.00341
1.00341
1.00341
1.00342
1.00343
1.00343
1.00343
1.00343
1.00344
1.00344
1.00344
1.00344
1.00344
1.00345
1.00345
1.00345
1.00345
1.00345
1.00345
1.00346
1.00346
1.00346
1.00346
1.00346
1.00346
1.00347
1.00347
1.00347
1.00347
1.00347
1.00348
1.00349
1.00349
1.00349
1.00349
1.00349
1.00349
1.00349
1.00349
1.0035
1.0035
1.0035
1.0035
1.00351
1.00351
1.00351
1.00351
1.00352
1.00352
1.00352
1.00352
1.00352
1.00352
1.00353
1.00353
1.00353
1.00354
1.00354
1.00354
1.00354
1.00354
1.00355
1.00356
1.00356
1.00356
1.00356
1.00356
1.00356
1.00357
1.00357
1.00357
1.00357
1.00357
1.00358
1.00358
1.00358
1.00358
1.00359
1.00359
1.00359
1.0036
1.0036
1.0036
1.0036
1.00361
1.00361
1.00362
1.00362
1.00362
1.00362
1.00362
1.00363
1.00363
1.00364
1.00364
1.00365
1.00365
1.00365
1.00365
1.00366
1.00366
1.00366
1.00367
1.00367
1.00367
1.00367
1.00367
1.00368
1.00368
1.00368
1.00368
1.00368
1.00368
1.00368
1.00369
1.00369
1.00369
1.00369
1.00369
1.00369
1.00369
1.00369
1.00369
1.00369
1.00369
1.00369
1.0037
1.0037
1.00371
1.00371
1.00371
1.00371
1.00371
1.00371
1.00371
1.00372
1.00372
1.00373
1.00373
1.00373
1.00373
1.00373
1.00374
1.00374
1.00374
1.00374
1.00374
1.00374
1.00375
1.00375
1.00376
1.00376
1.00376
1.00376
1.00377
1.00377
1.00377
1.00378
1.00378
1.00378
1.00378
1.00379
1.00379
1.00379
1.00379
1.00379
1.00379
1.0038
1.0038
1.0038
1.0038
1.0038
1.00381
1.00381
1.00381
1.00381
1.00382
1.00382
1.00382
1.00382
1.00382
1.00382
1.00383
1.00383
1.00383
1.00383
1.00383
1.00383
1.00383
1.00384
1.00384
1.00384
1.00385
1.00385
1.00385
1.00385
1.00386
1.00386
1.00386
1.00386
1.00386
1.00386
1.00387
1.00387
1.00387
1.00387
1.00387
1.00387
1.00387
1.00387
1.00388
1.00388
1.00388
1.00388
1.00389
1.00389
1.00389
1.00389
1.0039
1.0039
1.0039
1.0039
1.00391
1.00391
1.00391
1.00391
1.00391
1.00392
1.00392
1.00392
1.00393
1.00393
1.00393
1.00394
1.00394
1.00394
1.00394
1.00395
1.00395
1.00395
1.00395
1.00395
1.00395
1.00395
1.00396
1.00396
1.00396
1.00397
1.00397
1.00397
1.00397
1.00397
1.00397
1.00398
1.00398
1.00398
1.00399
1.00399
1.00399
1.00399
1.00399
1.004
1.004
1.00401
1.00401
1.00401
1.00401
1.00401
1.00401
1.00401
1.00401
1.00401
1.00401
1.00402
1.00402
1.00402
1.00402
1.00402
1.00403
1.00403
1.00403
1.00404
1.00404
1.00404
1.00404
1.00404
1.00405
1.00405
1.00405
1.00406
1.00406
1.00406
1.00407
1.00407
1.00407
1.00407
1.00407
1.00408
1.00408
1.00408
1.00408
1.00408
1.00409
1.00409
1.00409
1.0041
1.0041
1.0041
1.0041
1.0041
1.0041
1.00411
1.00411
1.00412
1.00412
1.00413
1.00414
1.00414
1.00414
1.00414
1.00414
1.00414
1.00415
1.00415
1.00415
1.00415
1.00415
1.00416
1.00416
1.00416
1.00417
1.00417
1.00417
1.00417
1.00417
1.00417
1.00418
1.00418
1.00418
1.00418
1.00418
1.00418
1.00419
1.0042
1.0042
1.0042
1.00421
1.00421
1.00422
1.00422
1.00422
1.00422
1.00422
1.00422
1.00422
1.00422
1.00423
1.00423
1.00424
1.00424
1.00425
1.00425
1.00425
1.00425
1.00425
1.00425
1.00425
1.00426
1.00426
1.00426
1.00426
1.00426
1.00427
1.00427
1.00427
1.00428
1.00428
1.00428
1.00428
1.00428
1.00428
1.00429
1.00429
1.00429
1.0043
1.0043
1.0043
1.0043
1.00431
1.00431
1.00431
1.00431
1.00432
1.00432
1.00432
1.00432
1.00432
1.00432
1.00432
1.00432
1.00432
1.00433
1.00433
1.00433
1.00433
1.00433
1.00433
1.00433
1.00434
1.00434
1.00434
1.00434
1.00434
1.00434
1.00434
1.00435
1.00436
1.00436
1.00436
1.00436
1.00436
1.00437
1.00437
1.00437
1.00437
1.00438
1.00438
1.00438
1.00438
1.00438
1.00438
1.00438
1.00439
1.00439
1.00439
1.00439
1.00439
1.00439
1.00439
1.00439
1.00439
1.00439
1.0044
1.0044
1.00441
1.00441
1.00441
1.00441
1.00442
1.00442
1.00442
1.00442
1.00442
1.00442
1.00443
1.00444
1.00444
1.00444
1.00444
1.00444
1.00444
1.00444
1.00444
1.00444
1.00445
1.00445
1.00445
1.00446
1.00447
1.00447
1.00447
1.00447
1.00447
1.00447
1.00448
1.00448
1.00448
1.00448
1.00448
1.00448
1.00449
1.00449
1.0045
1.0045
1.0045
1.0045
1.0045
1.0045
1.00451
1.00451
1.00451
1.00451
1.00451
1.00451
1.00452
1.00452
1.00452
1.00452
1.00452
1.00453
1.00453
1.00453
1.00453
1.00453
1.00454
1.00454
1.00454
1.00455
1.00455
1.00455
1.00456
1.00456
1.00456
1.00456
1.00457
1.00457
1.00457
1.00458
1.00458
1.00458
1.00458
1.00458
1.00459
1.00459
1.00459
1.00459
1.00459
1.0046
1.0046
1.00461
1.00461
1.00461
1.00461
1.00461
1.00461
1.00462
1.00462
1.00462
1.00462
1.00462
1.00462
1.00462
1.00462
1.00462
1.00462
1.00462
1.00462
1.00463
1.00463
1.00464
1.00464
1.00464
1.00464
1.00464
1.00464
1.00465
1.00465
1.00465
1.00465
1.00466
1.00466
1.00466
1.00466
1.00467
1.00467
1.00467
1.00467
1.00467
1.00467
1.00467
1.00467
1.00467
1.00468
1.00468
1.00469
1.00469
1.00469
1.00469
1.00469
1.00469
1.0047
1.0047
1.0047
1.0047
1.0047
1.00471
1.00471
1.00471
1.00471
1.00471
1.00471
1.00471
1.00472
1.00472
1.00472
1.00473
1.00473
1.00473
1.00473
1.00474
1.00474
1.00474
1.00474
1.00475
1.00475
1.00475
1.00475
1.00475
1.00475
1.00475
1.00476
1.00476
1.00476
1.00476
1.00477
1.00477
1.00477
1.00477
1.00477
1.00477
1.00477
1.00478
1.00478
1.00478
1.00478
1.00479
1.00479
1.00479
1.00479
1.00479
1.00479
1.0048
1.0048
1.0048
1.0048
1.0048
1.00481
1.00481
1.00481
1.00481
1.00481
1.00481
1.00481
1.00482
1.00482
1.00482
1.00482
1.00483
1.00483
1.00483
1.00483
1.00484
1.00484
1.00484
1.00484
1.00485
1.00485
1.00485
1.00486
1.00486
1.00486
1.00486
1.00487
1.00487
1.00487
1.00487
1.00487
1.00487
1.00488
1.00488
1.00489
1.00489
1.00489
1.00489
1.00489
1.00489
1.00489
1.00489
1.0049
1.0049
1.0049
1.00491
1.00491
1.00491
1.00491
1.00491
1.00492
1.00492
1.00493
1.00493
1.00493
1.00494
1.00495
1.00495
1.00496
1.00496
1.00497
1.00497
1.00497
1.00497
1.00498
1.00498
1.00498
1.00499
1.00499
1.00499
1.00499
1.00499
1.00499
1.005
1.00501
1.00501
1.00501
1.00501
1.00501
1.00501
1.00502
1.00502
1.00502
1.00503
1.00503
1.00503
1.00504
1.00504
1.00504
1.00504
1.00504
1.00505
1.00505
1.00505
1.00505
1.00505
1.00506
1.00506
1.00506
1.00507
1.00507
1.00508
1.00508
1.00508
1.00509
1.0051
1.0051
1.0051
1.00511
1.00511
1.00511
1.00511
1.00511
1.00511
1.00511
1.00512
1.00512
1.00512
1.00512
1.00512
1.00512
1.00513
1.00513
1.00513
1.00513
1.00513
1.00513
1.00513
1.00514
1.00514
1.00514
1.00514
1.00515
1.00515
1.00515
1.00515
1.00516
1.00516
1.00516
1.00516
1.00517
1.00517
1.00517
1.00518
1.00518
1.00518
1.00519
1.0052
1.0052
1.0052
1.0052
1.0052
1.00521
1.00521
1.00521
1.00521
1.00522
1.00522
1.00522
1.00522
1.00522
1.00523
1.00523
1.00523
1.00523
1.00523
1.00524
1.00524
1.00524
1.00525
1.00525
1.00525
1.00525
1.00525
1.00525
1.00526
1.00526
1.00526
1.00526
1.00527
1.00527
1.00527
1.00527
1.00527
1.00527
1.00528
1.00528
1.00528
1.00528
1.00528
1.00528
1.00529
1.00529
1.00529
1.00529
1.0053
1.0053
1.0053
1.00531
1.00531
1.00531
1.00531
1.00532
1.00532
1.00532
1.00532
1.00533
1.00533
1.00533
1.00533
1.00534
1.00534
1.00534
1.00534
1.00534
1.00535
1.00535
1.00535
1.00536
1.00536
1.00536
1.00536
1.00537
1.00537
1.00537
1.00537
1.00537
1.00538
1.00538
1.00539
1.00539
1.00539
1.0054
1.0054
1.0054
1.0054
1.00541
1.00541
1.00541
1.00541
1.00541
1.00542
1.00542
1.00542
1.00542
1.00542
1.00542
1.00543
1.00543
1.00544
1.00544
1.00544
1.00545
1.00545
1.00545
1.00546
1.00546
1.00546
1.00546
1.00546
1.00546
1.00547
1.00547
1.00547
1.00547
1.00548
1.00548
1.00549
1.00549
1.00549
1.00549
1.00549
1.00549
1.00549
1.0055
1.0055
1.0055
1.0055
1.0055
1.00551
1.00551
1.00551
1.00551
1.00552
1.00552
1.00552
1.00552
1.00552
1.00553
1.00553
1.00553
1.00553
1.00553
1.00554
1.00554
1.00554
1.00554
1.00555
1.00555
1.00555
1.00555
1.00556
1.00556
1.00557
1.00558
1.00558
1.00558
1.00559
1.00559
1.00559
1.00559
1.00559
1.00559
1.00559
1.0056
1.0056
1.0056
1.0056
1.0056
1.00561
1.00561
1.00561
1.00561
1.00561
1.00562
1.00563
1.00563
1.00563
1.00563
1.00564
1.00564
1.00564
1.00564
1.00564
1.00564
1.00564
1.00565
1.00566
1.00566
1.00566
1.00566
1.00566
1.00566
1.00567
1.00567
1.00567
1.00568
1.00568
1.00568
1.00568
1.00568
1.00568
1.00568
1.00568
1.00569
1.00569
1.0057
1.0057
1.00571
1.00571
1.00572
1.00572
1.00572
1.00573
1.00573
1.00573
1.00574
1.00574
1.00574
1.00574
1.00574
1.00575
1.00575
1.00575
1.00575
1.00576
1.00576
1.00577
1.00577
1.00577
1.00577
1.00578
1.00578
1.00578
1.00578
1.00578
1.00578
1.00579
1.00579
1.00579
1.00579
1.00579
1.00579
1.00579
1.0058
1.0058
1.0058
1.0058
1.0058
1.00581
1.00581
1.00581
1.00581
1.00581
1.00582
1.00583
1.00583
1.00583
1.00584
1.00584
1.00585
1.00585
1.00585
1.00586
1.00586
1.00586
1.00586
1.00587
1.00588
1.00588
1.00589
1.00589
1.00589
1.0059
1.0059
1.0059
1.0059
1.0059
1.00591
1.00591
1.00591
1.00591
1.00591
1.00592
1.00592
1.00592
1.00592
1.00592
1.00592
1.00592
1.00592
1.00592
1.00593
1.00593
1.00593
1.00593
1.00593
1.00594
1.00594
1.00594
1.00594
1.00596
1.00596
1.00597
1.00597
1.00597
1.00597
1.00598
1.00598
1.00599
1.00599
1.006
1.006
1.006
1.006
1.006
1.006
1.006
1.00601
1.00601
1.00601
1.00602
1.00602
1.00602
1.00602
1.00603
1.00603
1.00603
1.00604
1.00604
1.00604
1.00606
1.00606
1.00606
1.00606
1.00606
1.00607
1.00607
1.00607
1.00608
1.00608
1.00608
1.00608
1.00608
1.00609
1.00609
1.00609
1.00609
1.00609
1.00609
1.0061
1.0061
1.0061
1.0061
1.0061
1.0061
1.0061
1.00611
1.00611
1.00611
1.00611
1.00611
1.00611
1.00612
1.00612
1.00612
1.00613
1.00613
1.00613
1.00613
1.00613
1.00614
1.00614
1.00614
1.00614
1.00614
1.00614
1.00615
1.00616
1.00617
1.00617
1.00617
1.00617
1.00617
1.00617
1.00618
1.00618
1.00618
1.00618
1.00618
1.00618
1.00618
1.00619
1.00619
1.00619
1.00619
1.00619
1.00619
1.00619
1.0062
1.0062
1.0062
1.0062
1.00621
1.00621
1.00621
1.00623
1.00623
1.00624
1.00624
1.00624
1.00624
1.00624
1.00624
1.00624
1.00625
1.00625
1.00625
1.00625
1.00625
1.00626
1.00626
1.00626
1.00626
1.00627
1.00627
1.00627
1.00629
1.00629
1.00629
1.00629
1.0063
1.0063
1.0063
1.0063
1.0063
1.00631
1.00631
1.00631
1.00631
1.00631
1.00631
1.00631
1.00632
1.00632
1.00632
1.00632
1.00633
1.00633
1.00633
1.00633
1.00633
1.00634
1.00634
1.00634
1.00634
1.00636
1.00636
1.00637
1.00637
1.00637
1.00637
1.00637
1.00638
1.00638
1.00638
1.00639
1.00639
1.00639
1.00639
1.00639
1.0064
1.0064
1.0064
1.0064
1.00641
1.00641
1.00642
1.00642
1.00642
1.00642
1.00642
1.00643
1.00643
1.00644
1.00644
1.00644
1.00645
1.00645
1.00645
1.00645
1.00646
1.00646
1.00647
1.00647
1.00647
1.00647
1.00647
1.00648
1.00648
1.00648
1.00649
1.00649
1.00651
1.00651
1.00652
1.00652
1.00653
1.00653
1.00653
1.00653
1.00654
1.00654
1.00655
1.00656
1.00656
1.00657
1.00657
1.00657
1.00657
1.00658
1.00658
1.00658
1.00658
1.00659
1.00659
1.00659
1.00659
1.0066
1.0066
1.0066
1.00661
1.00661
1.00661
1.00662
1.00662
1.00662
1.00662
1.00662
1.00663
1.00663
1.00664
1.00664
1.00664
1.00665
1.00665
1.00666
1.00666
1.00666
1.00667
1.00667
1.00667
1.00667
1.00667
1.00668
1.00668
1.00669
1.00669
1.0067
1.0067
1.0067
1.00671
1.00671
1.00671
1.00672
1.00672
1.00674
1.00674
1.00674
1.00674
1.00674
1.00675
1.00675
1.00676
1.00676
1.00677
1.00677
1.00677
1.00677
1.00678
1.00678
1.00678
1.00678
1.00678
1.00679
1.00679
1.00679
1.00679
1.00679
1.0068
1.00681
1.00681
1.00681
1.00682
1.00682
1.00682
1.00683
1.00684
1.00684
1.00685
1.00685
1.00685
1.00686
1.00686
1.00686
1.00686
1.00687
1.00688
1.00689
1.00689
1.00689
1.0069
1.00692
1.00692
1.00693
1.00693
1.00693
1.00694
1.00694
1.00695
1.00695
1.00696
1.00696
1.00697
1.00697
1.00697
1.00698
1.00698
1.00698
1.00698
1.00698
1.00699
1.00699
1.007
1.007
1.007
1.007
1.007
1.007
1.007
1.00701
1.00701
1.00701
1.00703
1.00704
1.00705
1.00705
1.00706
1.00706
1.00706
1.00706
1.00706
1.00706
1.00706
1.00707
1.00707
1.00707
1.00707
1.00707
1.00707
1.00707
1.00707
1.00708
1.00708
1.00708
1.00709
1.00709
1.0071
1.0071
1.0071
1.0071
1.00711
1.00711
1.00711
1.00711
1.00711
1.00712
1.00712
1.00712
1.00712
1.00712
1.00712
1.00713
1.00713
1.00713
1.00713
1.00713
1.00714
1.00714
1.00714
1.00715
1.00715
1.00716
1.00716
1.00716
1.00716
1.00717
1.00717
1.00717
1.00717
1.00718
1.00718
1.00719
1.00719
1.00719
1.0072
1.0072
1.00721
1.00721
1.00721
1.00721
1.00722
1.00722
1.00722
1.00723
1.00723
1.00723
1.00724
1.00724
1.00724
1.00725
1.00725
1.00726
1.00726
1.00726
1.00726
1.00726
1.00726
1.00726
1.00726
1.00726
1.00726
1.00727
1.00727
1.00728
1.00728
1.00728
1.00728
1.00729
1.0073
1.0073
1.00731
1.00731
1.00731
1.00731
1.00731
1.00731
1.00732
1.00732
1.00732
1.00733
1.00733
1.00733
1.00733
1.00734
1.00734
1.00734
1.00735
1.00735
1.00735
1.00735
1.00736
1.00736
1.00736
1.00737
1.00737
1.00737
1.00737
1.00738
1.00738
1.00738
1.00738
1.00739
1.0074
1.0074
1.00741
1.00741
1.00742
1.00742
1.00742
1.00742
1.00742
1.00743
1.00743
1.00743
1.00743
1.00743
1.00744
1.00744
1.00745
1.00746
1.00747
1.00747
1.00747
1.00748
1.00748
1.00748
1.00748
1.00748
1.00748
1.00749
1.00749
1.00749
1.00749
1.00749
1.00749
1.00749
1.0075
1.0075
1.0075
1.0075
1.00751
1.00751
1.00752
1.00752
1.00753
1.00753
1.00754
1.00755
1.00755
1.00755
1.00756
1.00757
1.00757
1.00757
1.00757
1.00757
1.00757
1.00757
1.00757
1.00758
1.00758
1.00758
1.00758
1.00758
1.00758
1.00759
1.00759
1.0076
1.0076
1.0076
1.00761
1.00761
1.00761
1.00762
1.00762
1.00763
1.00763
1.00763
1.00764
1.00764
1.00764
1.00765
1.00765
1.00766
1.00766
1.00767
1.00767
1.00767
1.00768
1.00768
1.00769
1.00769
1.00769
1.00769
1.00769
1.00769
1.00769
1.00769
1.00771
1.00771
1.00771
1.00771
1.00773
1.00773
1.00773
1.00773
1.00773
1.00773
1.00774
1.00774
1.00774
1.00775
1.00776
1.00776
1.00776
1.00776
1.00776
1.00778
1.00778
1.00778
1.00778
1.00778
1.00779
1.00779
1.00779
1.0078
1.0078
1.0078
1.00781
1.00781
1.00781
1.00782
1.00782
1.00782
1.00783
1.00783
1.00783
1.00783
1.00783
1.00783
1.00784
1.00784
1.00784
1.00784
1.00785
1.00785
1.00786
1.00786
1.00786
1.00786
1.00787
1.00787
1.00787
1.00788
1.00788
1.00788
1.00788
1.0079
1.0079
1.0079
1.00791
1.00791
1.00791
1.00791
1.00792
1.00792
1.00792
1.00792
1.00792
1.00792
1.00793
1.00793
1.00793
1.00793
1.00794
1.00795
1.00795
1.00795
1.00795
1.00795
1.00795
1.00796
1.00796
1.00797
1.00797
1.00798
1.00798
1.00798
1.00798
1.00799
1.00799
1.00799
1.00799
1.008
1.008
1.00801
1.00801
1.00803
1.00803
1.00803
1.00803
1.00804
1.00804
1.00804
1.00804
1.00804
1.00804
1.00805
1.00805
1.00807
1.00808
1.00808
1.00808
1.00808
1.00809
1.00809
1.00809
1.00809
1.0081
1.0081
1.0081
1.00811
1.00811
1.00811
1.00812
1.00812
1.00812
1.00813
1.00813
1.00813
1.00813
1.00814
1.00814
1.00814
1.00814
1.00815
1.00815
1.00815
1.00816
1.00816
1.00816
1.00817
1.00817
1.00817
1.00817
1.00818
1.00818
1.00819
1.00819
1.0082
1.0082
1.00821
1.00821
1.00822
1.00822
1.00822
1.00822
1.00823
1.00823
1.00823
1.00823
1.00823
1.00824
1.00824
1.00825
1.00825
1.00825
1.00825
1.00825
1.00825
1.00826
1.00827
1.00827
1.00827
1.00827
1.00827
1.00827
1.00828
1.00828
1.00828
1.00828
1.00829
1.00829
1.00829
1.00829
1.00829
1.00829
1.00829
1.0083
1.00831
1.00831
1.00832
1.00832
1.00832
1.00832
1.00832
1.00833
1.00833
1.00834
1.00834
1.00834
1.00834
1.00835
1.00835
1.00835
1.00836
1.00836
1.00837
1.00838
1.00838
1.00839
1.00839
1.0084
1.0084
1.00841
1.00841
1.00841
1.00841
1.00842
1.00842
1.00843
1.00843
1.00843
1.00843
1.00843
1.00845
1.00845
1.00845
1.00845
1.00845
1.00845
1.00845
1.00846
1.00846
1.00846
1.00846
1.00847
1.00847
1.00847
1.00847
1.00847
1.00848
1.00848
1.00848
1.00848
1.00848
1.00849
1.00849
1.00849
1.0085
1.0085
1.0085
1.0085
1.00851
1.00851
1.00852
1.00852
1.00852
1.00853
1.00853
1.00853
1.00854
1.00854
1.00855
1.00855
1.00855
1.00856
1.00856
1.00857
1.00857
1.00857
1.00857
1.00858
1.00859
1.0086
1.0086
1.0086
1.00861
1.00861
1.00862
1.00862
1.00862
1.00862
1.00863
1.00863
1.00863
1.00863
1.00863
1.00863
1.00863
1.00863
1.00863
1.00864
1.00864
1.00864
1.00864
1.00865
1.00865
1.00865
1.00866
1.00866
1.00866
1.00866
1.00866
1.00866
1.00867
1.00867
1.00867
1.00867
1.00867
1.00867
1.00868
1.00868
1.00869
1.00869
1.0087
1.0087
1.0087
1.0087
1.00871
1.00871
1.00872
1.00872
1.00872
1.00873
1.00873
1.00874
1.00874
1.00874
1.00874
1.00874
1.00875
1.00875
1.00875
1.00875
1.00876
1.00876
1.00876
1.00876
1.00876
1.00877
1.00878
1.00878
1.00878
1.00878
1.00878
1.00879
1.00879
1.00879
1.00881
1.00881
1.00881
1.00881
1.00882
1.00882
1.00882
1.00882
1.00882
1.00882
1.00883
1.00883
1.00883
1.00884
1.00884
1.00884
1.00884
1.00884
1.00884
1.00884
1.00885
1.00885
1.00886
1.00886
1.00887
1.00887
1.00888
1.00888
1.00889
1.0089
1.00891
1.00891
1.00891
1.00892
1.00892
1.00892
1.00892
1.00893
1.00893
1.00893
1.00893
1.00894
1.00894
1.00894
1.00894
1.00895
1.00895
1.00895
1.00895
1.00896
1.00897
1.00897
1.00897
1.00897
1.00898
1.00898
1.00898
1.00899
1.00899
1.009
1.009
1.00901
1.00901
1.00901
1.00901
1.00902
1.00904
1.00904
1.00906
1.00907
1.00907
1.00907
1.00907
1.00908
1.00908
1.00909
1.00909
1.00909
1.0091
1.0091
1.0091
1.0091
1.00911
1.00912
1.00912
1.00912
1.00913
1.00913
1.00914
1.00915
1.00915
1.00916
1.00916
1.00917
1.00917
1.00918
1.00919
1.00919
1.00919
1.00919
1.0092
1.00921
1.00921
1.00921
1.00922
1.00922
1.00922
1.00922
1.00922
1.00922
1.00924
1.00924
1.00924
1.00924
1.00925
1.00926
1.00926
1.00927
1.00927
1.00927
1.00928
1.00928
1.00928
1.00929
1.00929
1.00931
1.00932
1.00932
1.00933
1.00933
1.00934
1.00934
1.00935
1.00935
1.00935
1.00935
1.00935
1.00937
1.00937
1.00938
1.00938
1.00939
1.00939
1.00939
1.0094
1.0094
1.00941
1.00942
1.00942
1.00942
1.00943
1.00943
1.00943
1.00943
1.00944
1.00944
1.00944
1.00945
1.00946
1.00947
1.00948
1.00948
1.00948
1.00948
1.00949
1.00949
1.00949
1.00949
1.0095
1.0095
1.0095
1.0095
1.00951
1.00951
1.00951
1.00951
1.00951
1.00952
1.00953
1.00953
1.00953
1.00954
1.00954
1.00954
1.00954
1.00954
1.00955
1.00955
1.00956
1.00956
1.00957
1.00957
1.00957
1.00957
1.00958
1.00959
1.00959
1.0096
1.0096
1.0096
1.0096
1.00961
1.00961
1.00961
1.00961
1.00961
1.00962
1.00962
1.00962
1.00963
1.00963
1.00963
1.00963
1.00963
1.00964
1.00965
1.00966
1.00966
1.00967
1.00967
1.00967
1.00968
1.00969
1.00969
1.0097
1.0097
1.0097
1.00971
1.00972
1.00972
1.00972
1.00973
1.00973
1.00973
1.00974
1.00974
1.00975
1.00976
1.00976
1.00976
1.00977
1.00977
1.00978
1.00978
1.00978
1.00978
1.00979
1.00979
1.00979
1.0098
1.00981
1.00981
1.00982
1.00982
1.00983
1.00984
1.00984
1.00984
1.00985
1.00986
1.00986
1.00986
1.00986
1.00986
1.00987
1.00987
1.00987
1.00987
1.00987
1.00988
1.00988
1.00988
1.00989
1.00989
1.00989
1.0099
1.0099
1.00991
1.00992
1.00992
1.00993
1.00993
1.00993
1.00994
1.00994
1.00994
1.00995
1.00995
1.00996
1.00996
1.00997
1.00997
1.00997
1.00997
1.00999
1.01
1.01
1.01002
1.01002
1.01002
1.01003
1.01003
1.01003
1.01004
1.01004
1.01004
1.01004
1.01005
1.01006
1.01006
1.01006
1.01007
1.01007
1.01009
1.0101
1.01011
1.01012
1.01012
1.01012
1.01012
1.01012
1.01013
1.01013
1.01015
1.01015
1.01016
1.01016
1.01016
1.01017
1.01018
1.01018
1.01018
1.01019
1.01019
1.0102
1.0102
1.01021
1.01021
1.01021
1.01021
1.01022
1.01023
1.01023
1.01024
1.01024
1.01025
1.01025
1.01027
1.01027
1.01028
1.01028
1.01028
1.01028
1.01028
1.01029
1.01029
1.01029
1.0103
1.0103
1.0103
1.01031
1.01032
1.01033
1.01033
1.01034
1.01035
1.01035
1.01035
1.01037
1.01037
1.01037
1.01038
1.01038
1.01038
1.01038
1.01038
1.01039
1.0104
1.0104
1.0104
1.01041
1.01041
1.01041
1.01041
1.01042
1.01042
1.01043
1.01043
1.01044
1.01044
1.01045
1.01045
1.01046
1.01046
1.01046
1.01046
1.01046
1.01047
1.01047
1.01047
1.01049
1.01049
1.01052
1.01053
1.01053
1.01054
1.01054
1.01054
1.01055
1.01056
1.01056
1.01058
1.01058
1.01059
1.0106
1.0106
1.0106
1.0106
1.01061
1.01061
1.01061
1.01062
1.01062
1.01063
1.01063
1.01063
1.01063
1.01064
1.01064
1.01064
1.01066
1.01067
1.01067
1.01068
1.01069
1.01069
1.01069
1.01071
1.01071
1.01071
1.01072
1.01072
1.01073
1.01073
1.01074
1.01075
1.01075
1.01076
1.01076
1.01076
1.01076
1.01076
1.01077
1.01078
1.01079
1.01079
1.0108
1.01081
1.01081
1.01082
1.01083
1.01083
1.01083
1.01084
1.01084
1.01086
1.01086
1.01087
1.01087
1.01087
1.01087
1.01088
1.0109
1.01091
1.01091
1.01091
1.01091
1.01092
1.01092
1.01092
1.01092
1.01092
1.01093
1.01093
1.01094
1.01095
1.01095
1.01096
1.01097
1.01097
1.01098
1.01098
1.01098
1.01099
1.01101
1.01101
1.01102
1.01102
1.01104
1.01105
1.01105
1.01105
1.01105
1.01106
1.01107
1.01107
1.01109
1.0111
1.01111
1.01111
1.01111
1.01113
1.01113
1.01115
1.01115
1.01116
1.01116
1.01118
1.01119
1.01121
1.01122
1.01122
1.01122
1.01122
1.01122
1.01123
1.01123
1.01124
1.01125
1.01125
1.01125
1.01125
1.01125
1.01126
1.01128
1.01129
1.0113
1.0113
1.0113
1.01132
1.01132
1.01133
1.01133
1.01135
1.01136
1.01137
1.01137
1.01139
1.0114
1.01141
1.01141
1.01142
1.01145
1.01145
1.01145
1.01145
1.01145
1.01146
1.01148
1.0115
1.0115
1.01151
1.01152
1.01153
1.01153
1.01153
1.01153
1.01154
1.01155
1.01155
1.01156
1.01156
1.01156
1.01156
1.01156
1.01158
1.0116
1.01161
1.01161
1.01161
1.01162
1.01162
1.01163
1.01163
1.01163
1.01164
1.01164
1.01164
1.01164
1.01167
1.01167
1.01168
1.01168
1.01168
1.01169
1.01171
1.01171
1.01171
1.01172
1.01173
1.01176
1.01176
1.01176
1.01176
1.01177
1.01177
1.01178
1.01179
1.01181
1.01182
1.01182
1.01183
1.01183
1.01183
1.01183
1.01183
1.01185
1.01186
1.01186
1.01186
1.01187
1.01188
1.01189
1.01189
1.0119
1.0119
1.0119
1.01191
1.01191
1.01191
1.01191
1.01192
1.01193
1.01193
1.01194
1.01194
1.01194
1.01197
1.01199
1.012
1.012
1.01201
1.01202
1.01202
1.01204
1.01204
1.01204
1.01204
1.01205
1.01207
1.01207
1.01207
1.01208
1.0121
1.01214
1.01214
1.01215
1.01215
1.01215
1.01215
1.01217
1.01217
1.01217
1.01217
1.01218
1.01218
1.01219
1.01219
1.01219
1.0122
1.01223
1.01223
1.01223
1.01224
1.01225
1.01225
1.01226
1.01226
1.01227
1.01227
1.01227
1.0123
1.01231
1.01232
1.01234
1.01236
1.01236
1.01236
1.01237
1.01237
1.01239
1.01242
1.01242
1.01242
1.01243
1.01243
1.01244
1.01244
1.01245
1.01246
1.01246
1.01246
1.01246
1.01246
1.01246
1.01247
1.01247
1.01247
1.01248
1.0125
1.01251
1.01251
1.01252
1.01252
1.01255
1.01257
1.01261
1.01261
1.01261
1.01261
1.01261
1.01261
1.01263
1.01264
1.01264
1.01264
1.01265
1.01266
1.01268
1.0127
1.01271
1.01272
1.01273
1.01274
1.01274
1.01274
1.01276
1.01276
1.01277
1.01277
1.01277
1.01278
1.01278
1.01279
1.0128
1.01281
1.01282
1.01284
1.01285
1.01286
1.01287
1.01287
1.01288
1.01289
1.01289
1.01291
1.01291
1.01292
1.01292
1.01292
1.01294
1.01295
1.01295
1.01296
1.01296
1.01297
1.01298
1.01299
1.01299
1.01299
1.013
1.013
1.01301
1.01304
1.01304
1.01306
1.01306
1.01307
1.01308
1.01311
1.01311
1.01313
1.01314
1.01314
1.01315
1.01316
1.01318
1.01319
1.01321
1.01322
1.01323
1.01323
1.01325
1.01325
1.01326
1.01326
1.01327
1.01328
1.01328
1.01328
1.0133
1.0133
1.01331
1.01332
1.01332
1.01332
1.01334
1.01335
1.01335
1.01337
1.01337
1.01339
1.0134
1.0134
1.01341
1.01342
1.01342
1.01344
1.01344
1.01344
1.01345
1.01345
1.01347
1.01349
1.01349
1.01351
1.01352
1.01354
1.01354
1.01355
1.01356
1.01356
1.01358
1.01359
1.01359
1.0136
1.0136
1.01361
1.01362
1.01362
1.01362
1.01363
1.01364
1.01364
1.01364
1.01365
1.01365
1.01366
1.01366
1.01367
1.01367
1.01368
1.01369
1.0137
1.01371
1.01373
1.01374
1.01374
1.01374
1.01375
1.01376
1.01377
1.01378
1.01378
1.01379
1.0138
1.01381
1.01383
1.01384
1.01386
1.01387
1.01388
1.01389
1.01389
1.0139
1.0139
1.01391
1.01393
1.01394
1.01394
1.01395
1.01395
1.01396
1.01396
1.01396
1.01396
1.01397
1.01399
1.014
1.014
1.01401
1.01401
1.01401
1.01401
1.01403
1.01405
1.01408
1.01413
1.01414
1.01414
1.01416
1.01417
1.01418
1.01419
1.01419
1.01421
1.01422
1.01425
1.01425
1.01425
1.01427
1.01427
1.01428
1.01429
1.01431
1.01433
1.01433
1.01434
1.01434
1.01434
1.01434
1.01435
1.01435
1.01436
1.01436
1.01437
1.01441
1.01442
1.01444
1.0145
1.01451
1.01452
1.01452
1.01453
1.01455
1.01455
1.01455
1.01458
1.01459
1.01459
1.0146
1.0146
1.01461
1.01461
1.01462
1.01462
1.01462
1.01463
1.01464
1.01464
1.01469
1.01471
1.01473
1.01473
1.01474
1.01475
1.01477
1.01478
1.01478
1.01479
1.01479
1.0148
1.01482
1.01482
1.01485
1.01486
1.01486
1.01488
1.01489
1.01489
1.01492
1.01495
1.01495
1.01497
1.01497
1.015
1.015
1.01502
1.01503
1.01504
1.01505
1.01506
1.01508
1.01508
1.01508
1.01509
1.01509
1.01509
1.01511
1.01511
1.01513
1.01516
1.01516
1.01517
1.0152
1.01521
1.01526
1.01528
1.01528
1.0153
1.01531
1.01534
1.0154
1.01543
1.01545
1.01546
1.01546
1.01547
1.01548
1.01548
1.01557
1.01559
1.01561
1.01561
1.01563
1.01563
1.01564
1.01564
1.01565
1.01565
1.01566
1.01567
1.01568
1.01568
1.0157
1.0157
1.01573
1.01575
1.01576
1.01577
1.01578
1.01578
1.0158
1.01583
1.01584
1.01584
1.01587
1.01587
1.01588
1.01589
1.0159
1.01592
1.01594
1.01594
1.01594
1.01594
1.01596
1.01596
1.016
1.01603
1.01604
1.01605
1.01605
1.01607
1.01609
1.01609
1.0161
1.01611
1.01611
1.01615
1.01616
1.01617
1.01617
1.01619
1.01619
1.01619
1.01623
1.01624
1.01624
1.01625
1.01626
1.01627
1.01627
1.01628
1.01628
1.01629
1.01629
1.0163
1.0163
1.01631
1.01632
1.01633
1.01635
1.01635
1.01635
1.01636
1.01637
1.01638
1.01642
1.01643
1.01644
1.01645
1.01645
1.01647
1.01648
1.01649
1.0165
1.01652
1.01654
1.01655
1.01665
1.01668
1.01672
1.01674
1.01675
1.01676
1.01677
1.01677
1.01677
1.01679
1.01679
1.01679
1.01681
1.01682
1.01684
1.01684
1.01685
1.01687
1.01689
1.01689
1.01691
1.01691
1.01694
1.01695
1.01697
1.01699
1.01699
1.01708
1.0171
1.01712
1.01712
1.01712
1.01714
1.01718
1.01721
1.01722
1.01723
1.01723
1.01729
1.0173
1.01731
1.01731
1.01734
1.01734
1.01735
1.01735
1.01737
1.01738
1.01743
1.01758
1.01759
1.0176
1.0176
1.01761
1.01762
1.0177
1.01771
1.01771
1.01774
1.01777
1.01778
1.01779
1.01785
1.01787
1.01791
1.01796
1.01799
1.018
1.01805
1.01812
1.01818
1.01822
1.01822
1.01826
1.01827
1.01832
1.01836
1.01839
1.01842
1.01843
1.01843
1.01845
1.01855
1.01857
1.01861
1.01864
1.01875
1.01876
1.01877
1.01879
1.0188
1.01885
1.01892
1.01898
1.01909
1.0191
1.01917
1.01925
1.01936
1.01938
1.01938
1.01939
1.01943
1.01943
1.01948
1.01951
1.01956
1.01959
1.0196
1.01962
1.01963
1.01968
1.01972
1.01977
1.01981
1.01983
1.01986
1.01987
1.01988
1.01989
1.01989
1.01998
1.02008
1.02011
1.02014
1.02021
1.02024
1.02025
1.02025
1.02032
1.02034
1.02036
1.02039
1.0205
1.02052
1.02063
1.02065
1.02072
1.02082
1.0209
1.02096
1.02097
1.02097
1.02114
1.02115
1.02119
1.02126
1.02129
1.02174
1.02201
1.02201
1.02219
1.02224
1.02255
1.02261
1.02262
1.0227
1.02272
1.02294
1.02297
1.02345
1.02352
1.02359
1.02401
1.02467
1.02596
1.02613
1.0284
1.03109
