0.990102
0.99046
0.991139
0.991281
0.991307
0.991477
0.991583
0.991647
0.991755
0.991813
0.992124
0.992172
0.992204
0.992443
0.992453
0.99252
0.992536
0.992557
0.992568
0.992625
0.992746
0.992746
0.992814
0.992856
0.992911
0.992923
0.992953
0.992962
0.992967
0.99299
0.99299
0.992993
0.993031
0.993036
0.993041
0.99305
0.993075
0.993134
0.993137
0.993153
0.993228
0.993245
0.993247
0.99328
0.993286
0.993288
0.993343
0.993344
0.993362
0.993364
0.99337
0.993383
0.993391
0.993394
0.993396
0.993398
0.99341
0.993411
0.993429
0.993433
0.993455
0.99349
0.993527
0.993532
0.993591
0.99361
0.993625
0.993631
0.993642
0.993644
0.993677
0.993689
0.993695
0.9937
0.993707
0.993731
0.99375
0.993757
0.993769
0.99377
0.993776
0.993778
0.99381
0.993845
0.993851
0.993879
0.99392
0.993923
0.993935
0.993936
0.993985
0.993993
0.993996
0.993998
0.994024
0.994032
0.994032
0.994044
0.994061
0.994062
0.994062
0.994126
0.99413
0.994134
0.994144
0.994145
0.994145
0.994153
0.994165
0.994175
0.994178
0.994179
0.994205
0.994206
0.994212
0.994218
0.994225
0.994231
0.994257
0.994257
0.994264
0.994265
0.994273
0.994275
0.994282
0.994288
0.994301
0.99431
0.994311
0.994311
0.994317
0.994334
0.994345
0.994355
0.99436
0.99437
0.994371
0.99438
0.994384
0.994409
0.994419
0.994426
0.994439
0.994444
0.994445
0.994453
0.994454
0.994454
0.994457
0.99447
0.994472
0.994479
0.994485
0.99449
0.994491
0.994509
0.994511
0.994511
0.994537
0.994544
0.994551
0.99456
0.994566
0.994572
0.994587
0.994596
0.994601
0.994604
0.994617
0.994627
0.994636
0.99464
0.994641
0.994672
0.994676
0.994679
0.994679
0.994682
0.994684
0.994687
0.994693
0.994705
0.994708
0.994708
0.994711
0.994716
0.994723
0.994724
0.994732
0.994735
0.994738
0.994742
0.994747
0.994748
0.994752
0.994753
0.994753
0.994756
0.994765
0.99477
0.994771
0.994775
0.994786
0.994791
0.994799
0.994808
0.994813
0.994821
0.994826
0.994848
0.994864
0.994864
0.994879
0.994884
0.994886
0.994892
0.994894
0.994897
0.994919
0.994922
0.994923
0.994931
0.994942
0.994945
0.994962
0.994966
0.994966
0.994968
0.994968
0.99498
0.994983
0.994991
0.994994
0.994995
0.994995
0.994996
0.995
0.995001
0.99501
0.995018
0.99502
0.995023
0.995026
0.995027
0.995028
0.995043
0.995043
0.99505
0.995058
0.995062
0.995067
0.995071
0.995074
0.995077
0.995078
0.99508
0.995085
0.995086
0.995092
0.995092
0.995096
0.995097
0.995099
0.995101
0.995103
0.995107
0.995118
0.99512
0.99512
0.995124
0.995139
0.995144
0.995145
0.995154
0.995156
0.995157
0.995158
0.995159
0.995164
0.995165
0.995172
0.995174
0.995182
0.995182
0.995187
0.995192
0.995194
0.995194
0.995197
0.995202
0.995206
0.995209
0.995216
0.995226
0.995228
0.995229
0.995231
0.995232
0.995239
0.995244
0.995248
0.995248
0.99525
0.995252
0.995258
0.995258
0.995258
0.995269
0.995269
0.99527
0.995285
0.995287
0.995295
0.995298
0.995303
0.995307
0.995307
0.99531
0.99531
0.99531
0.995313
0.995313
0.995314
0.995318
0.99532
0.995321
0.995327
0.995328
0.99533
0.995331
0.995331
0.995331
0.995335
0.995335
0.995343
0.995346
0.995354
0.995365
0.995365
0.995366
0.995367
0.995376
0.995377
0.995377
0.99538
0.995381
0.995385
0.995387
0.995387
0.995389
0.995392
0.995393
0.995394
0.995395
0.9954
0.995401
0.995416
0.995433
0.995437
0.995438
0.995441
0.995445
0.995446
0.995446
0.995447
0.995456
0.995458
0.995459
0.995459
0.99546
0.995464
0.995467
0.995468
0.995469
0.995478
0.995479
0.995487
0.995488
0.995492
0.995495
0.995498
0.995499
0.995514
0.995517
0.995517
0.995523
0.995524
0.995546
0.995546
0.995551
0.995562
0.995563
0.995568
0.995569
0.99557
0.995571
0.995573
0.995573
0.995581
0.995582
0.995586
0.99559
0.995593
0.995594
0.995596
0.995603
0.995604
0.995607
0.995613
0.995617
0.995621
0.995623
0.995625
0.995625
0.995629
0.99563
0.995637
0.995648
0.995654
0.995659
0.995661
0.995663
0.995666
0.995673
0.995674
0.995676
0.995677
0.99568
0.995681
0.995682
0.995684
0.995684
0.995685
0.995688
0.995689
0.995696
0.995704
0.995712
0.995714
0.995726
0.995731
0.995732
0.995734
0.995737
0.995738
0.995739
0.995744
0.995747
0.995751
0.995752
0.995759
0.99576
0.995764
0.995764
0.995766
0.995775
0.995776
0.995776
0.995781
0.995786
0.995786
0.995787
0.995788
0.995789
0.99579
0.995794
0.995801
0.995801
0.995805
0.995808
0.995812
0.995812
0.995813
0.995814
0.995814
0.995816
0.99582
0.995822
0.995823
0.995826
0.99583
0.995837
0.99584
0.995842
0.995843
0.995844
0.995846
0.99585
0.995851
0.995855
0.99586
0.995863
0.995864
0.995868
0.995877
0.99588
0.995884
0.99589
0.995892
0.995892
0.995893
0.995899
0.995907
0.99591
0.995912
0.995914
0.995914
0.995914
0.995915
0.995916
0.995917
0.995918
0.99592
0.995922
0.995926
0.995928
0.995929
0.995931
0.995934
0.995934
0.995936
0.995937
0.995938
0.995938
0.995939
0.995939
0.995944
0.995946
0.995949
0.99595
0.995954
0.995955
0.995957
0.99596
0.995961
0.995962
0.995964
0.995965
0.995975
0.995976
0.995978
0.99598
0.995983
0.995984
0.995988
0.995997
0.995999
0.995999
0.996001
0.996003
0.996004
0.996004
0.996004
0.996012
0.996013
0.996021
0.996024
0.996032
0.996037
0.996041
0.99605
0.996054
0.996057
0.996061
0.996061
0.996068
0.99607
0.996072
0.996075
0.99608
0.996082
0.996085
0.996088
0.99609
0.996096
0.996097
0.996097
0.996097
0.996098
0.9961
0.996105
0.996105
0.996107
0.996109
0.996112
0.996113
0.996113
0.996115
0.996117
0.996117
0.996119
0.99612
0.99612
0.996125
0.996126
0.996126
0.996127
0.99613
0.996134
0.996138
0.996139
0.996146
0.996148
0.99615
0.996155
0.996155
0.996157
0.996159
0.996162
0.996162
0.996163
0.996165
0.996165
0.996166
0.996169
0.996172
0.996173
0.996173
0.996174
0.996176
0.99618
0.996182
0.996184
0.996184
0.996184
0.996186
0.99619
0.99619
0.99619
0.996192
0.996192
0.996199
0.996199
0.996205
0.996205
0.996206
0.996207
0.996207
0.996208
0.996209
0.996211
0.996212
0.996213
0.996215
0.996215
0.996216
0.996216
0.996219
0.996221
0.996222
0.996228
0.99623
0.996231
0.996232
0.996234
0.996235
0.996236
0.996237
0.99624
0.996249
0.996254
0.996255
0.996256
0.996257
0.996257
0.99626
0.99626
0.996268
0.996272
0.996274
0.996276
0.996283
0.996284
0.996284
0.996286
0.996287
0.996291
0.996292
0.996294
0.996295
0.996297
0.996297
0.996303
0.996304
0.996305
0.996309
0.996312
0.996313
0.996313
0.996315
0.996316
0.996318
0.99632
0.996323
0.996325
0.996329
0.996332
0.996339
0.99634
0.996341
0.996344
0.996348
0.99635
0.996351
0.996351
0.996354
0.996356
0.996358
0.996358
0.996359
0.99636
0.996362
0.996364
0.996365
0.996368
0.996369
0.996371
0.996373
0.996377
0.996378
0.996378
0.996378
0.996381
0.996382
0.996382
0.996382
0.996382
0.996386
0.996386
0.996388
0.996391
0.996392
0.996393
0.996395
0.996395
0.996398
0.9964
0.996401
0.996402
0.996402
0.996405
0.996405
0.996405
0.996406
0.996406
0.996408
0.99641
0.99641
0.996411
0.996412
0.996413
0.996414
0.996414
0.996414
0.996417
0.996423
0.996428
0.99643
0.996432
0.996432
0.996432
0.996433
0.996437
0.996441
0.996441
0.996444
0.996447
0.996447
0.996449
0.99645
0.996451
0.996457
0.996458
0.996459
0.996462
0.996464
0.996464
0.996465
0.996465
0.996465
0.996465
0.996465
0.996468
0.996468
0.99647
0.996471
0.996473
0.996474
0.996475
0.996475
0.996476
0.996478
0.996478
0.996479
0.99648
0.996485
0.996486
0.996487
0.996489
0.996489
0.99649
0.996495
0.996496
0.996496
0.996499
0.996502
0.996503
0.996505
0.996508
0.996508
0.996509
0.99651
0.996512
0.996515
0.996515
0.996516
0.996516
0.996516
0.996518
0.996519
0.996519
0.99652
0.996521
0.996525
0.996526
0.996529
0.99653
0.99653
0.996537
0.996539
0.99654
0.996541
0.996541
0.996543
0.996544
0.996549
0.996549
0.996551
0.996552
0.996552
0.996556
0.996557
0.996559
0.99656
0.99656
0.996561
0.996561
0.996561
0.996564
0.996566
0.996568
0.996568
0.996569
0.99657
0.996572
0.996574
0.996575
0.996578
0.996578
0.996579
0.99658
0.996582
0.996582
0.996583
0.996583
0.996585
0.996585
0.996586
0.996587
0.996591
0.996592
0.996593
0.996594
0.996594
0.996597
0.996597
0.996598
0.996599
0.996599
0.9966
0.9966
0.996601
0.996602
0.996602
0.996603
0.996609
0.99661
0.99661
0.99661
0.996611
0.996613
0.996613
0.996614
0.996615
0.996616
0.996616
0.996618
0.996619
0.996619
0.996621
0.996622
0.996624
0.996625
0.996625
0.996628
0.996629
0.996629
0.99663
0.996632
0.996633
0.996634
0.996635
0.996638
0.996639
0.996641
0.996641
0.996642
0.996643
0.99665
0.996652
0.996655
0.99666
0.99666
0.99666
0.996661
0.996661
0.996666
0.996667
0.996668
0.996669
0.996669
0.99667
0.996671
0.996672
0.996675
0.996679
0.99668
0.99668
0.99668
0.996681
0.996682
0.996683
0.996686
0.996688
0.996691
0.996692
0.996698
0.996699
0.996699
0.9967
0.9967
0.996703
0.996704
0.99671
0.996711
0.996713
0.996715
0.996716
0.996718
0.996718
0.996718
0.996722
0.996722
0.996724
0.996728
0.99673
0.996731
0.996731
0.996732
0.996733
0.996734
0.996734
0.996735
0.996736
0.996737
0.996739
0.996739
0.996741
0.996742
0.996743
0.996751
0.996752
0.996755
0.996755
0.996755
0.996756
0.996756
0.996758
0.996758
0.99676
0.996761
0.996762
0.996763
0.996763
0.996764
0.996764
0.996764
0.996767
0.996767
0.996769
0.996771
0.996773
0.996775
0.996776
0.99678
0.996783
0.996784
0.996785
0.996786
0.996789
0.996789
0.996789
0.996791
0.996792
0.996792
0.996796
0.996797
0.996798
0.996802
0.996803
0.996803
0.996808
0.996809
0.996809
0.996809
0.99681
0.996812
0.996815
0.996815
0.996816
0.996816
0.996817
0.996818
0.996819
0.996819
0.996822
0.996825
0.996827
0.996827
0.996829
0.996831
0.996833
0.996835
0.996836
0.996836
0.996838
0.996841
0.996844
0.996845
0.996847
0.996848
0.996849
0.99685
0.996852
0.996854
0.996857
0.996857
0.996857
0.996858
0.996859
0.996859
0.996859
0.996861
0.996863
0.996863
0.996864
0.996866
0.99687
0.99687
0.996873
0.996877
0.996878
0.996879
0.996881
0.996882
0.996883
0.996883
0.996884
0.996884
0.996884
0.996886
0.996886
0.996886
0.996888
0.996889
0.996889
0.99689
0.996891
0.996892
0.996893
0.996894
0.996895
0.996895
0.996897
0.996899
0.996903
0.996905
0.996906
0.996906
0.996907
0.996908
0.996909
0.996911
0.996915
0.996916
0.996917
0.99692
0.99692
0.99692
0.996922
0.996922
0.996924
0.996925
0.996925
0.996928
0.996931
0.996931
0.996931
0.996931
0.996932
0.99694
0.996942
0.996943
0.996944
0.996945
0.996947
0.996947
0.996948
0.996948
0.996948
0.996949
0.99695
0.996953
0.996954
0.996955
0.996955
0.996955
0.996956
0.996957
0.996959
0.99696
0.996962
0.996964
0.996964
0.996964
0.996966
0.996967
0.996967
0.996967
0.996969
0.996971
0.996971
0.996974
0.996974
0.996978
0.996978
0.996979
0.99698
0.996981
0.996981
0.996986
0.996987
0.996988
0.996989
0.99699
0.99699
0.996992
0.996994
0.997001
0.997004
0.997004
0.997004
0.997006
0.997006
0.997006
0.997007
0.997008
0.997008
0.997008
0.997009
0.997011
0.997012
0.997014
0.997015
0.997015
0.997017
0.997017
0.997018
0.997019
0.997019
0.99702
0.99702
0.997025
0.997029
0.997029
0.997031
0.997031
0.997031
0.997033
0.997034
0.997034
0.997034
0.997036
0.997037
0.997038
0.997039
0.997039
0.99704
0.997043
0.997043
0.997043
0.997051
0.997053
0.997053
0.997055
0.997056
0.997056
0.997059
0.997062
0.997064
0.997065
0.997065
0.997066
0.997067
0.997068
0.997071
0.997072
0.997072
0.997072
0.997078
0.99708
0.99708
0.997081
0.997082
0.997082
0.997087
0.997087
0.997088
0.997091
0.997093
0.997093
0.997095
0.997096
0.997096
0.997097
0.997098
0.997098
0.997099
0.9971
0.9971
0.997101
0.997105
0.997106
0.997108
0.997111
0.997111
0.997112
0.997112
0.997113
0.997113
0.997114
0.997116
0.997117
0.997118
0.997118
0.997119
0.997119
0.99712
0.99712
0.99712
0.997122
0.997122
0.997122
0.997123
0.997123
0.997123
0.997125
0.997125
0.997125
0.997125
0.997127
0.997127
0.997128
0.997136
0.997138
0.997142
0.997143
0.997143
0.997143
0.997145
0.997146
0.997146
0.997146
0.997147
0.99715
0.997151
0.997151
0.997152
0.997154
0.997154
0.997154
0.997154
0.997155
0.997158
0.997158
0.997158
0.997164
0.997164
0.997165
0.997166
0.997168
0.997169
0.997169
0.997169
0.997172
0.997173
0.997176
0.997176
0.997177
0.997178
0.997179
0.99718
0.997185
0.997186
0.997187
0.997189
0.997189
0.99719
0.99719
0.997191
0.997192
0.997192
0.997193
0.997193
0.997194
0.997194
0.997194
0.997195
0.997196
0.997197
0.997197
0.997198
0.997198
0.9972
0.9972
0.997201
0.997203
0.997203
0.997203
0.997204
0.997204
0.997205
0.997206
0.997207
0.997209
0.997212
0.997215
0.997216
0.997216
0.997221
0.997222
0.997223
0.997223
0.997224
0.997225
0.997226
0.997227
0.997227
0.997228
0.997229
0.997231
0.997232
0.997236
0.997238
0.997241
0.997242
0.997244
0.997244
0.997245
0.997247
0.997247
0.997249
0.99725
0.99725
0.997251
0.997253
0.997257
0.99726
0.997261
0.997262
0.997263
0.997265
0.997265
0.997265
0.997265
0.997266
0.997267
0.997267
0.997268
0.997268
0.99727
0.997272
0.997273
0.997274
0.997279
0.997284
0.997286
0.997287
0.997287
0.997288
0.997289
0.997291
0.997293
0.997294
0.997294
0.997295
0.997297
0.997298
0.997299
0.997301
0.997301
0.997301
0.997302
0.997303
0.997304
0.997305
0.997305
0.997306
0.997306
0.997309
0.997309
0.997309
0.99731
0.997311
0.997311
0.997311
0.997311
0.997312
0.997312
0.997313
0.997316
0.997319
0.997319
0.997319
0.99732
0.997324
0.997325
0.997326
0.997326
0.997326
0.997328
0.997329
0.99733
0.997333
0.997333
0.997333
0.997334
0.997334
0.997336
0.997336
0.997337
0.997338
0.99734
0.997341
0.997341
0.997341
0.997341
0.997342
0.997346
0.997346
0.997349
0.997349
0.99735
0.99735
0.997351
0.997352
0.997354
0.997355
0.997356
0.997356
0.997359
0.997359
0.99736
0.997362
0.997362
0.997363
0.997363
0.997364
0.997365
0.997365
0.997365
0.997366
0.997367
0.997368
0.997368
0.997369
0.99737
0.99737
0.997372
0.997372
0.997372
0.997372
0.997373
0.997374
0.997375
0.997377
0.997378
0.997379
0.997383
0.997385
0.997388
0.997388
0.997389
0.99739
0.997392
0.997393
0.997393
0.997395
0.997396
0.997397
0.997397
0.997398
0.997399
0.997401
0.997401
0.997403
0.997406
0.997408
0.997408
0.997408
0.997409
0.99741
0.99741
0.99741
0.997411
0.997412
0.997414
0.997415
0.997416
0.997417
0.997419
0.997421
0.997422
0.997423
0.997425
0.997425
0.997425
0.997426
0.997426
0.997427
0.997427
0.997427
0.997428
0.997429
0.99743
0.997431
0.997433
0.997433
0.997436
0.997436
0.997438
0.997438
0.997438
0.997438
0.997438
0.997439
0.997439
0.99744
0.997442
0.997442
0.997442
0.997442
0.997442
0.997442
0.997443
0.997445
0.997448
0.997448
0.997449
0.997449
0.997449
0.99745
0.99745
0.997451
0.997453
0.997454
0.997454
0.997454
0.997455
0.997457
0.997458
0.99746
0.997461
0.997462
0.997462
0.997464
0.997466
0.997471
0.997471
0.997471
0.997473
0.997473
0.997474
0.997474
0.997475
0.997477
0.997478
0.997479
0.99748
0.997482
0.997485
0.997485
0.997486
0.997488
0.997488
0.99749
0.997492
0.997493
0.997495
0.997496
0.997498
0.9975
0.997501
0.997502
0.997502
0.997503
0.997504
0.997504
0.997504
0.997505
0.997505
0.997507
0.997508
0.997509
0.997511
0.997511
0.997513
0.997516
0.997516
0.997517
0.997519
0.99752
0.997522
0.997523
0.997524
0.997524
0.997524
0.997525
0.997525
0.997527
0.997529
0.997529
0.997531
0.997531
0.997531
0.997533
0.997535
0.997535
0.997536
0.99754
0.99754
0.997541
0.997542
0.997542
0.997543
0.997545
0.997545
0.997545
0.997546
0.997546
0.997546
0.997548
0.997548
0.997551
0.997551
0.997553
0.997553
0.997554
0.997556
0.997556
0.997558
0.997558
0.997559
0.99756
0.997562
0.997563
0.997568
0.997569
0.99757
0.99757
0.997571
0.997571
0.997573
0.997574
0.997574
0.997575
0.997579
0.997579
0.997579
0.997583
0.997584
0.997585
0.997587
0.997587
0.997588
0.997588
0.997589
0.997589
0.99759
0.997591
0.997592
0.997593
0.997593
0.997594
0.997595
0.997596
0.997596
0.997598
0.9976
0.9976
0.997604
0.997605
0.997605
0.997606
0.997607
0.997607
0.997609
0.99761
0.997612
0.997612
0.997613
0.997613
0.997615
0.997615
0.997616
0.997616
0.997617
0.997619
0.997625
0.997627
0.99763
0.997631
0.997632
0.997633
0.997634
0.997635
0.997638
0.997638
0.997638
0.997639
0.99764
0.997641
0.997642
0.997642
0.997642
0.997643
0.997644
0.997646
0.997648
0.997648
0.997649
0.997651
0.997652
0.997653
0.997653
0.997653
0.997654
0.997656
0.997659
0.997659
0.99766
0.99766
0.99766
0.997663
0.997664
0.997665
0.997667
0.997669
0.997669
0.99767
0.99767
0.99767
0.997671
0.997671
0.997672
0.997672
0.997672
0.997673
0.997673
0.997673
0.997675
0.997676
0.997676
0.997676
0.997677
0.997677
0.997678
0.997679
0.99768
0.997681
0.997682
0.997683
0.997685
0.997687
0.997687
0.997689
0.99769
0.99769
0.997691
0.997691
0.997692
0.997693
0.997694
0.997697
0.9977
0.997702
0.997705
0.997705
0.997706
0.997707
0.997709
0.997709
0.997711
0.997711
0.997714
0.997714
0.997714
0.997715
0.997715
0.997716
0.997717
0.997718
0.997719
0.99772
0.99772
0.99772
0.997722
0.997723
0.997726
0.997727
0.997727
0.99773
0.99773
0.997731
0.997731
0.997732
0.997734
0.997734
0.997736
0.997736
0.997737
0.997737
0.997738
0.997738
0.997738
0.997738
0.997739
0.997739
0.99774
0.99774
0.997741
0.997742
0.997742
0.997744
0.997744
0.997744
0.997744
0.997744
0.997745
0.997746
0.997746
0.997747
0.997748
0.997749
0.99775
0.99775
0.997751
0.997751
0.997754
0.997754
0.997756
0.99776
0.997761
0.997761
0.997761
0.997762
0.997763
0.997763
0.997764
0.997765
0.997766
0.997768
0.997769
0.997771
0.997771
0.997771
0.997772
0.997772
0.997773
0.997773
0.997774
0.997775
0.997775
0.997776
0.997776
0.997776
0.997778
0.997778
0.997779
0.997781
0.997782
0.997784
0.997784
0.997785
0.997786
0.997788
0.99779
0.997791
0.997791
0.997792
0.997794
0.997795
0.997796
0.997796
0.997796
0.997801
0.997802
0.997803
0.997803
0.997803
0.997804
0.997805
0.997806
0.997807
0.997808
0.997808
0.997808
0.997809
0.997809
0.997811
0.997812
0.997812
0.997812
0.997813
0.997816
0.997817
0.997819
0.99782
0.997823
0.997824
0.997827
0.997827
0.997827
0.997828
0.99783
0.99783
0.997831
0.997831
0.997831
0.997832
0.997833
0.997833
0.997834
0.997835
0.997838
0.997838
0.997838
0.997838
0.997839
0.997839
0.997839
0.99784
0.997842
0.997845
0.997845
0.997846
0.997849
0.997849
0.997849
0.997851
0.997852
0.997853
0.997854
0.997855
0.997856
0.997856
0.997857
0.997858
0.997859
0.997861
0.997864
0.997865
0.997866
0.997867
0.997867
0.997868
0.997868
0.997869
0.997869
0.997872
0.997872
0.997872
0.997874
0.997877
0.997878
0.997878
0.997878
0.997881
0.997883
0.997884
0.997885
0.997886
0.997886
0.997887
0.997887
0.997887
0.997889
0.997891
0.997894
0.997895
0.997896
0.997898
0.997899
0.997899
0.997901
0.997902
0.997905
0.997906
0.997906
0.997907
0.997907
0.997907
0.997909
0.997911
0.997911
0.997912
0.997912
0.997912
0.997913
0.997914
0.997914
0.997915
0.997915
0.997916
0.997917
0.997917
0.997918
0.997918
0.997919
0.99792
0.997921
0.997922
0.997922
0.997925
0.997925
0.997925
0.997926
0.99793
0.997931
0.997931
0.997932
0.997933
0.997933
0.997934
0.997934
0.997934
0.997935
0.997936
0.997937
0.997939
0.997939
0.99794
0.997942
0.997943
0.997944
0.997944
0.997945
0.997945
0.997945
0.997946
0.997947
0.997948
0.997948
0.997949
0.997951
0.997952
0.997952
0.997952
0.997953
0.997953
0.997954
0.997955
0.997957
0.997958
0.997958
0.997958
0.997959
0.997959
0.997959
0.99796
0.997961
0.997962
0.997964
0.997964
0.997965
0.997965
0.997966
0.997969
0.997969
0.997969
0.99797
0.99797
0.99797
0.997971
0.997971
0.997972
0.997973
0.997973
0.997974
0.997975
0.997977
0.997977
0.997978
0.997978
0.997979
0.99798
0.997982
0.997983
0.997984
0.997987
0.997988
0.997988
0.997988
0.99799
0.99799
0.99799
0.99799
0.997991
0.997991
0.997993
0.997993
0.997994
0.997994
0.997994
0.997995
0.997995
0.997996
0.997997
0.997997
0.997997
0.997997
0.997998
0.997998
0.997998
0.997999
0.998
0.998
0.998002
0.998002
0.998002
0.998003
0.998004
0.998004
0.998004
0.998004
0.998005
0.998005
0.998006
0.998009
0.998009
0.998011
0.998013
0.998014
0.998015
0.998017
0.998018
0.99802
0.998021
0.998023
0.998024
0.998025
0.998025
0.998027
0.998028
0.998028
0.998029
0.998029
0.99803
0.998031
0.998031
0.998032
0.998034
0.998035
0.998036
0.998038
0.998038
0.998039
0.998041
0.998042
0.998043
0.998043
0.998044
0.998044
0.998046
0.998046
0.998046
0.998047
0.998049
0.99805
0.998051
0.998053
0.998053
0.998053
0.998054
0.998054
0.998055
0.998056
0.998057
0.998057
0.998057
0.998058
0.998058
0.998058
0.998059
0.998059
0.998059
0.998063
0.998063
0.998064
0.998065
0.998065
0.998066
0.998068
0.998068
0.998069
0.998069
0.998078
0.998078
0.998079
0.99808
0.99808
0.998081
0.998082
0.998083
0.998086
0.998087
0.998087
0.998088
0.998088
0.99809
0.998091
0.998091
0.998091
0.998091
0.998091
0.998092
0.998093
0.998094
0.998095
0.998097
0.998097
0.998099
0.998099
0.998099
0.998099
0.9981
0.998101
0.998102
0.998102
0.998104
0.998104
0.998104
0.998106
0.998107
0.998107
0.998108
0.998108
0.99811
0.998111
0.998111
0.998112
0.998113
0.998114
0.998115
0.998115
0.998116
0.998116
0.998117
0.998118
0.998119
0.998119
0.998121
0.998121
0.998122
0.998122
0.998123
0.998125
0.998125
0.998126
0.998126
0.998126
0.998128
0.998128
0.998128
0.998129
0.99813
0.99813
0.99813
0.998132
0.998132
0.998134
0.998134
0.998135
0.998135
0.998135
0.998135
0.998136
0.998136
0.998138
0.998138
0.99814
0.99814
0.99814
0.998143
0.998144
0.998145
0.998145
0.998146
0.998147
0.998152
0.998153
0.998154
0.998155
0.998156
0.998156
0.998156
0.998157
0.998157
0.998157
0.998158
0.998158
0.998161
0.998161
0.998161
0.998161
0.998161
0.998162
0.998164
0.998166
0.998167
0.998167
0.998168
0.998169
0.998171
0.998173
0.998174
0.998175
0.998176
0.998176
0.998177
0.998178
0.998178
0.998178
0.998179
0.998179
0.998179
0.998179
0.998179
0.99818
0.998181
0.998182
0.998183
0.998183
0.998184
0.998184
0.998184
0.998184
0.998185
0.998185
0.998185
0.998188
0.998189
0.99819
0.998191
0.998192
0.998193
0.998194
0.998194
0.998195
0.998195
0.998198
0.998199
0.998199
0.998199
0.998199
0.9982
0.998201
0.998201
0.998203
0.998203
0.998203
0.998204
0.998204
0.998206
0.998206
0.998208
0.99821
0.99821
0.998211
0.998211
0.998214
0.998214
0.998215
0.998215
0.998216
0.998216
0.998217
0.998219
0.998219
0.998219
0.99822
0.99822
0.998221
0.998221
0.998221
0.998221
0.998222
0.998223
0.998225
0.998225
0.998225
0.998228
0.998228
0.998229
0.99823
0.99823
0.998231
0.998231
0.998232
0.998232
0.998232
0.998233
0.998233
0.998234
0.998235
0.998235
0.998238
0.998239
0.998239
0.99824
0.998243
0.998244
0.998244
0.998245
0.998246
0.998246
0.998249
0.99825
0.998251
0.998252
0.998252
0.998253
0.998253
0.998254
0.998255
0.998255
0.998256
0.998256
0.998256
0.998257
0.998264
0.998264
0.998264
0.998265
0.998266
0.998267
0.998267
0.998268
0.998268
0.998269
0.99827
0.998272
0.998274
0.998274
0.998275
0.998275
0.998276
0.998279
0.99828
0.998281
0.998281
0.998282
0.998282
0.998283
0.998283
0.998283
0.998285
0.998286
0.998286
0.998287
0.998287
0.998288
0.998288
0.998288
0.998289
0.99829
0.998291
0.998291
0.998291
0.998292
0.998295
0.998295
0.998298
0.998299
0.9983
0.9983
0.9983
0.998301
0.998301
0.998301
0.998302
0.998302
0.998302
0.998306
0.998307
0.998307
0.998307
0.998308
0.998309
0.99831
0.99831
0.998313
0.998314
0.998315
0.998315
0.998315
0.998315
0.998315
0.998316
0.998316
0.998317
0.998318
0.998318
0.998321
0.998321
0.998321
0.998321
0.998323
0.998323
0.998325
0.998325
0.998326
0.998326
0.998327
0.998327
0.998329
0.998329
0.99833
0.998331
0.998331
0.998331
0.998331
0.998333
0.998335
0.998336
0.998337
0.998337
0.998338
0.998338
0.998338
0.998338
0.998339
0.998339
0.998339
0.99834
0.998342
0.998342
0.998342
0.998342
0.998343
0.998344
0.998345
0.998345
0.998345
0.998346
0.998346
0.998346
0.998347
0.998348
0.998348
0.998348
0.998348
0.998349
0.998349
0.99835
0.998351
0.998352
0.998352
0.998355
0.998355
0.998356
0.998359
0.99836
0.998362
0.998363
0.998363
0.998364
0.998364
0.998365
0.998366
0.998367
0.998367
0.998368
0.998368
0.998369
0.998369
0.998372
0.998375
0.998376
0.998376
0.998376
0.998377
0.998377
0.998378
0.998378
0.998379
0.998381
0.998381
0.998381
0.998381
0.998382
0.998383
0.998385
0.998386
0.998387
0.998387
0.998388
0.998388
0.998389
0.998389
0.99839
0.99839
0.99839
0.998391
0.998391
0.998392
0.998392
0.998392
0.998393
0.998394
0.998395
0.998396
0.998398
0.998399
0.998399
0.998399
0.9984
0.9984
0.998401
0.998402
0.998403
0.998403
0.998403
0.998405
0.998406
0.998407
0.998407
0.998408
0.998408
0.998409
0.998409
0.99841
0.998411
0.998412
0.998412
0.998413
0.998414
0.998414
0.998417
0.998417
0.998417
0.998417
0.998421
0.998423
0.998423
0.998423
0.998424
0.998425
0.998428
0.998428
0.998429
0.99843
0.99843
0.998431
0.998431
0.998433
0.998434
0.998435
0.998436
0.998438
0.99844
0.99844
0.998443
0.998443
0.998445
0.998446
0.998447
0.998448
0.998448
0.998449
0.998449
0.998452
0.998452
0.998454
0.998455
0.998455
0.998455
0.998455
0.998455
0.998456
0.998456
0.998457
0.998457
0.998457
0.998461
0.998461
0.998461
0.998463
0.998463
0.998464
0.998465
0.998465
0.998465
0.998466
0.998466
0.998467
0.998468
0.998468
0.998468
0.998469
0.998469
0.99847
0.99847
0.998471
0.998471
0.998472
0.998472
0.998473
0.998473
0.998473
0.998474
0.998474
0.998474
0.998474
0.998476
0.998476
0.998478
0.998482
0.998482
0.998483
0.998483
0.998483
0.998484
0.998485
0.998485
0.998487
0.998488
0.998489
0.99849
0.998491
0.998492
0.998493
0.998493
0.998494
0.998496
0.998497
0.998498
0.998498
0.998499
0.998499
0.9985
0.998501
0.998501
0.998501
0.998501
0.998504
0.998504
0.998506
0.998509
0.998509
0.99851
0.998511
0.998512
0.998512
0.998513
0.998513
0.998514
0.998515
0.998516
0.998516
0.998518
0.998519
0.998519
0.998519
0.99852
0.998522
0.998523
0.998524
0.998525
0.998529
0.99853
0.998531
0.998531
0.998531
0.998531
0.998532
0.998532
0.998532
0.998533
0.998534
0.998534
0.998535
0.998535
0.998536
0.998536
0.998537
0.998537
0.998538
0.998538
0.998538
0.998539
0.998544
0.998544
0.998544
0.998545
0.998545
0.998546
0.998547
0.998548
0.998548
0.998549
0.99855
0.99855
0.998552
0.998554
0.998554
0.998554
0.998554
0.998555
0.998557
0.998557
0.998558
0.998558
0.998559
0.99856
0.99856
0.998565
0.998566
0.998566
0.998566
0.998567
0.998568
0.998568
0.998568
0.998569
0.998569
0.99857
0.998571
0.998572
0.998572
0.998573
0.998573
0.998574
0.998574
0.998575
0.998577
0.998577
0.998577
0.998578
0.998579
0.99858
0.998583
0.998584
0.998584
0.998584
0.998585
0.998587
0.998588
0.99859
0.99859
0.99859
0.998592
0.998593
0.998594
0.998594
0.998595
0.998596
0.998597
0.998597
0.998597
0.998598
0.9986
0.998601
0.998602
0.998602
0.998603
0.998603
0.998603
0.998604
0.998605
0.998606
0.998606
0.998606
0.998607
0.998607
0.998609
0.998609
0.998609
0.99861
0.99861
0.99861
0.998612
0.998614
0.998614
0.998614
0.998615
0.998616
0.998616
0.998616
0.998616
0.998618
0.99862
0.99862
0.998621
0.998621
0.998621
0.998622
0.998624
0.998624
0.998624
0.998625
0.998629
0.998629
0.99863
0.99863
0.998632
0.998632
0.998632
0.998634
0.998636
0.998636
0.998636
0.998636
0.998637
0.998637
0.998638
0.998638
0.998641
0.998641
0.998641
0.998642
0.998642
0.998643
0.998643
0.998645
0.998646
0.998647
0.998647
0.998648
0.998649
0.998649
0.99865
0.99865
0.99865
0.998651
0.998652
0.998652
0.998653
0.998653
0.998654
0.998655
0.998655
0.998656
0.998656
0.998656
0.998658
0.998659
0.998659
0.998659
0.99866
0.99866
0.998661
0.998661
0.998661
0.998662
0.998662
0.998667
0.998667
0.998667
0.998667
0.998669
0.998669
0.99867
0.99867
0.998673
0.998673
0.998674
0.998676
0.998678
0.998678
0.998679
0.99868
0.998681
0.998681
0.998682
0.998683
0.998684
0.998684
0.998686
0.998687
0.998688
0.99869
0.99869
0.99869
0.998691
0.998691
0.998691
0.998692
0.998693
0.998693
0.998694
0.998695
0.998695
0.998695
0.998695
0.998697
0.998697
0.998698
0.998699
0.998701
0.998701
0.998703
0.998703
0.998703
0.998706
0.998706
0.998707
0.998707
0.998708
0.998708
0.99871
0.998712
0.998713
0.998713
0.998713
0.998714
0.998716
0.998716
0.998717
0.998717
0.998722
0.998722
0.998723
0.998723
0.998723
0.998723
0.998723
0.998723
0.998724
0.998725
0.998726
0.998727
0.998727
0.998727
0.998729
0.998729
0.998729
0.99873
0.99873
0.99873
0.998731
0.998731
0.998733
0.998733
0.998733
0.998733
0.998733
0.998734
0.998734
0.998735
0.998735
0.998736
0.998737
0.998737
0.998738
0.998738
0.998738
0.99874
0.998741
0.998742
0.998742
0.998743
0.998743
0.998743
0.998745
0.998746
0.998746
0.998746
0.998748
0.998749
0.998749
0.998749
0.99875
0.99875
0.998751
0.998751
0.998751
0.998752
0.998753
0.998754
0.998754
0.998754
0.998755
0.998755
0.998758
0.998758
0.998759
0.998759
0.99876
0.998761
0.998761
0.998763
0.998763
0.998763
0.998764
0.998764
0.998764
0.998764
0.998765
0.998765
0.998765
0.998766
0.998766
0.998767
0.998768
0.998769
0.998772
0.998773
0.998773
0.998774
0.998776
0.998777
0.998778
0.998778
0.99878
0.99878
0.998782
0.998783
0.998783
0.998784
0.998788
0.998788
0.998788
0.99879
0.998792
0.998792
0.998792
0.998793
0.998795
0.998795
0.998795
0.998798
0.998798
0.998799
0.998801
0.998802
0.998802
0.998803
0.998803
0.998804
0.998804
0.998804
0.998808
0.998808
0.99881
0.998811
0.998812
0.998813
0.998813
0.998814
0.998815
0.998816
0.998816
0.998818
0.998819
0.99882
0.998821
0.998821
0.998821
0.998822
0.998823
0.998824
0.998824
0.998825
0.998825
0.998826
0.998826
0.998829
0.998829
0.998831
0.998831
0.998832
0.998833
0.998833
0.998836
0.998836
0.998837
0.998838
0.998839
0.99884
0.99884
0.99884
0.99884
0.99884
0.99884
0.998841
0.998841
0.998841
0.998841
0.998841
0.998842
0.998843
0.998845
0.998846
0.998847
0.998847
0.998848
0.998848
0.998849
0.99885
0.998851
0.998852
0.998852
0.998852
0.998853
0.998853
0.998853
0.998855
0.998855
0.998857
0.998857
0.998857
0.998857
0.998858
0.998859
0.998859
0.998859
0.998859
0.99886
0.998861
0.998861
0.998863
0.998863
0.998863
0.998865
0.998865
0.998865
0.998866
0.998866
0.998869
0.998869
0.99887
0.998872
0.998872
0.998873
0.998873
0.998874
0.998874
0.998876
0.998876
0.998877
0.998877
0.998879
0.998879
0.99888
0.99888
0.998881
0.998881
0.998881
0.998881
0.998882
0.998882
0.998882
0.998883
0.998883
0.998884
0.998884
0.998885
0.998885
0.998886
0.998886
0.998886
0.998887
0.998888
0.998888
0.99889
0.99889
0.998891
0.998891
0.998891
0.998892
0.998892
0.998893
0.998894
0.998895
0.998896
0.998897
0.998897
0.998899
0.9989
0.998901
0.998901
0.998901
0.998902
0.998902
0.998904
0.998908
0.998908
0.998908
0.998909
0.998909
0.998914
0.998914
0.998914
0.998915
0.998916
0.998917
0.998918
0.998919
0.99892
0.998921
0.998921
0.998922
0.998922
0.998922
0.998922
0.998923
0.998924
0.998925
0.998927
0.998927
0.998927
0.998928
0.998928
0.998929
0.998929
0.99893
0.998931
0.998931
0.998932
0.998932
0.998934
0.998935
0.998935
0.998935
0.998936
0.998936
0.998939
0.99894
0.99894
0.99894
0.998942
0.998942
0.998944
0.998944
0.998945
0.998945
0.998946
0.998946
0.998946
0.998947
0.998947
0.998947
0.998951
0.998951
0.998953
0.998953
0.998956
0.998957
0.998958
0.99896
0.99896
0.998961
0.998963
0.998964
0.998964
0.998965
0.998965
0.998965
0.998966
0.998967
0.998968
0.998968
0.998969
0.998969
0.99897
0.998973
0.998975
0.998975
0.998975
0.998977
0.998978
0.998978
0.998979
0.998979
0.998981
0.998981
0.998982
0.998983
0.998983
0.998984
0.998985
0.998985
0.998985
0.998986
0.998988
0.998988
0.998988
0.998988
0.998989
0.998989
0.998991
0.998991
0.998992
0.998992
0.998994
0.998997
0.998998
0.998998
0.999002
0.999002
0.999004
0.999004
0.999004
0.999004
0.999005
0.999005
0.999007
0.999008
0.99901
0.99901
0.99901
0.999011
0.999011
0.999011
0.999012
0.999013
0.999013
0.999015
0.999016
0.999016
0.999016
0.999017
0.999018
0.999019
0.999019
0.999019
0.999019
0.99902
0.999021
0.999022
0.999022
0.999023
0.999024
0.999025
0.999026
0.999027
0.999028
0.999028
0.999029
0.999029
0.99903
0.99903
0.999031
0.999031
0.999033
0.999035
0.999036
0.999038
0.999039
0.99904
0.99904
0.999041
0.999041
0.999041
0.999042
0.999042
0.999042
0.999044
0.999044
0.999044
0.999045
0.999045
0.999045
0.999045
0.999046
0.999047
0.999049
0.999049
0.999049
0.99905
0.999051
0.999052
0.999052
0.999053
0.999053
0.999054
0.999054
0.999055
0.999055
0.999055
0.999055
0.999056
0.999056
0.999056
0.999057
0.999057
0.999058
0.999058
0.999061
0.999062
0.999063
0.999064
0.999065
0.999065
0.999065
0.999066
0.999068
0.999069
0.999069
0.999069
0.99907
0.999072
0.999072
0.999072
0.999073
0.999073
0.999076
0.999076
0.999076
0.999077
0.999078
0.999079
0.99908
0.999081
0.999081
0.999081
0.999083
0.999084
0.999084
0.999084
0.999085
0.999085
0.999086
0.999086
0.999086
0.999087
0.999087
0.999087
0.999087
0.999088
0.999088
0.999088
0.999089
0.99909
0.999091
0.999091
0.999092
0.999093
0.999093
0.999095
0.999095
0.999096
0.999096
0.999097
0.999098
0.999098
0.999099
0.999099
0.999099
0.999099
0.999101
0.999101
0.999105
0.999105
0.999105
0.999106
0.999108
0.999109
0.999109
0.99911
0.999111
0.999111
0.999111
0.999111
0.999113
0.999113
0.999113
0.999114
0.999114
0.999114
0.999114
0.999115
0.999116
0.999117
0.999118
0.999123
0.999123
0.999125
0.999125
0.999126
0.999126
0.999126
0.999126
0.999129
0.99913
0.999132
0.999132
0.999132
0.999133
0.999133
0.999133
0.999134
0.999135
0.999136
0.999136
0.999136
0.999137
0.999137
0.999137
0.999137
0.999138
0.999142
0.999142
0.999143
0.999144
0.999144
0.999145
0.999145
0.999146
0.999147
0.999151
0.999151
0.999153
0.999154
0.999154
0.999155
0.999155
0.999156
0.999156
0.999156
0.999156
0.999156
0.999157
0.999161
0.999161
0.999162
0.999162
0.999162
0.999164
0.999164
0.999164
0.999165
0.999165
0.999166
0.999166
0.999166
0.999167
0.999168
0.999168
0.999168
0.999169
0.99917
0.999172
0.999173
0.999173
0.999175
0.999176
0.999176
0.999177
0.999178
0.999178
0.999179
0.999179
0.999179
0.999179
0.99918
0.99918
0.99918
0.99918
0.999181
0.999181
0.999183
0.999183
0.999183
0.999184
0.999187
0.999189
0.999189
0.99919
0.99919
0.999191
0.999192
0.999192
0.999193
0.999194
0.999194
0.999195
0.999196
0.999197
0.999197
0.999197
0.999198
0.999198
0.999198
0.999199
0.999199
0.9992
0.9992
0.999201
0.999201
0.999201
0.999202
0.999204
0.999205
0.999205
0.999206
0.999207
0.999207
0.999209
0.99921
0.99921
0.999211
0.999212
0.999212
0.999213
0.999214
0.999216
0.999216
0.999218
0.999219
0.999219
0.999221
0.999221
0.999221
0.999221
0.999222
0.999222
0.999222
0.999222
0.999222
0.999223
0.999224
0.999225
0.999225
0.999226
0.999227
0.999227
0.999228
0.999228
0.999229
0.99923
0.99923
0.99923
0.99923
0.999231
0.999231
0.999231
0.999231
0.999233
0.999233
0.999234
0.999234
0.999234
0.999238
0.999239
0.999239
0.99924
0.999241
0.999241
0.999242
0.999242
0.999243
0.999243
0.999243
0.999243
0.999244
0.999245
0.999246
0.999248
0.999248
0.999249
0.99925
0.999251
0.999252
0.999253
0.999253
0.999253
0.999255
0.999256
0.999256
0.999256
0.999256
0.999257
0.999257
0.999257
0.999258
0.999258
0.999259
0.999259
0.99926
0.999261
0.999261
0.999262
0.999263
0.999263
0.999263
0.999264
0.999264
0.999264
0.999265
0.999265
0.999266
0.999266
0.999267
0.999268
0.999269
0.999269
0.999269
0.999269
0.999272
0.999272
0.999272
0.999273
0.999274
0.999274
0.999274
0.999275
0.999276
0.999276
0.999276
0.999276
0.999276
0.999277
0.999277
0.999277
0.999278
0.99928
0.999282
0.999282
0.999282
0.999284
0.999284
0.999284
0.999285
0.999285
0.999285
0.999286
0.999286
0.999287
0.999287
0.999288
0.999288
0.999289
0.99929
0.99929
0.99929
0.999291
0.999293
0.999294
0.999295
0.999296
0.999296
0.999297
0.999299
0.9993
0.999301
0.999301
0.999301
0.999302
0.999303
0.999304
0.999305
0.999306
0.999306
0.999306
0.999307
0.999307
0.999308
0.999308
0.999309
0.99931
0.99931
0.999311
0.999311
0.999311
0.999311
0.999311
0.999311
0.999313
0.999313
0.999314
0.999314
0.999314
0.999315
0.999316
0.999317
0.999317
0.999317
0.999318
0.999318
0.999318
0.999318
0.99932
0.999322
0.999323
0.999324
0.999324
0.999324
0.999325
0.999327
0.999327
0.999329
0.999329
0.99933
0.99933
0.99933
0.99933
0.99933
0.999331
0.999332
0.999332
0.999332
0.999334
0.999335
0.999336
0.999336
0.999336
0.999337
0.999339
0.99934
0.999342
0.999342
0.999345
0.999345
0.999346
0.999347
0.999347
0.999348
0.999348
0.999349
0.999351
0.999352
0.999352
0.999353
0.999356
0.999356
0.999356
0.999356
0.999357
0.999357
0.999357
0.999357
0.999358
0.999361
0.999361
0.999362
0.999362
0.999363
0.999363
0.999364
0.999365
0.999365
0.999366
0.999366
0.999366
0.999367
0.999368
0.999368
0.999369
0.999369
0.99937
0.999373
0.999374
0.999374
0.999376
0.999376
0.999377
0.999377
0.999377
0.999378
0.999379
0.99938
0.99938
0.999381
0.999382
0.999382
0.999382
0.999384
0.999388
0.999388
0.999389
0.99939
0.99939
0.99939
0.999391
0.999391
0.999391
0.999391
0.999392
0.999392
0.999392
0.999395
0.999395
0.999397
0.999397
0.999398
0.999398
0.999401
0.999401
0.999403
0.999403
0.999403
0.999404
0.999404
0.999405
0.999406
0.999406
0.999406
0.999407
0.999407
0.999409
0.999413
0.999413
0.999414
0.999414
0.999414
0.999415
0.999415
0.999416
0.999416
0.999417
0.999419
0.99942
0.99942
0.999423
0.999423
0.999423
0.999423
0.999423
0.999423
0.999425
0.999426
0.999427
0.999427
0.999427
0.999428
0.999429
0.999429
0.999429
0.99943
0.99943
0.99943
0.999431
0.999432
0.999432
0.999432
0.999432
0.999432
0.999433
0.999433
0.999433
0.999433
0.999434
0.999435
0.999435
0.999435
0.999435
0.999436
0.999437
0.999437
0.999438
0.999438
0.999438
0.999438
0.999441
0.999441
0.999441
0.999441
0.999442
0.999443
0.999443
0.999443
0.999444
0.999445
0.999445
0.999446
0.999447
0.999448
0.999449
0.999449
0.99945
0.999451
0.999453
0.999453
0.999453
0.999455
0.999455
0.999456
0.999457
0.999457
0.999457
0.999458
0.999458
0.999459
0.999459
0.999459
0.99946
0.99946
0.999462
0.999462
0.999462
0.999463
0.999464
0.999466
0.999467
0.999468
0.999468
0.999469
0.99947
0.999472
0.999473
0.999473
0.999473
0.999473
0.999475
0.999476
0.999476
0.999476
0.999477
0.999478
0.999478
0.999481
0.999482
0.999483
0.999483
0.999484
0.999484
0.999484
0.999485
0.999485
0.999485
0.999485
0.999487
0.999487
0.999488
0.999489
0.999489
0.999489
0.999489
0.99949
0.99949
0.99949
0.99949
0.999492
0.999493
0.999493
0.999493
0.999494
0.999494
0.999494
0.999495
0.999498
0.999498
0.999499
0.999499
0.9995
0.9995
0.9995
0.999501
0.999501
0.999501
0.999502
0.999502
0.999503
0.999503
0.999503
0.999504
0.999504
0.999505
0.999505
0.999505
0.999505
0.999505
0.999506
0.999506
0.999507
0.999508
0.999508
0.999509
0.99951
0.999511
0.999512
0.999513
0.999513
0.999514
0.999514
0.999514
0.999515
0.999516
0.999516
0.999516
0.999516
0.999516
0.999517
0.999518
0.999518
0.999518
0.999518
0.999518
0.999521
0.999521
0.999522
0.999522
0.999523
0.999524
0.999524
0.999525
0.999525
0.999525
0.999526
0.999526
0.999527
0.999527
0.999527
0.999529
0.999534
0.999535
0.999535
0.999535
0.999535
0.999536
0.999537
0.999537
0.999537
0.999538
0.99954
0.99954
0.999541
0.999541
0.999542
0.999542
0.999545
0.999545
0.999547
0.999547
0.999547
0.999548
0.999549
0.99955
0.999551
0.999553
0.999554
0.999554
0.999555
0.999555
0.999558
0.999558
0.999558
0.999558
0.999558
0.999558
0.999559
0.999559
0.999559
0.999559
0.99956
0.999561
0.999562
0.999564
0.999566
0.999566
0.999566
0.999566
0.999567
0.999567
0.99957
0.99957
0.999571
0.999572
0.999573
0.999573
0.999573
0.999573
0.999574
0.999574
0.999574
0.999575
0.999575
0.999575
0.999575
0.999576
0.999576
0.999577
0.999577
0.999578
0.999578
0.999579
0.999579
0.999579
0.999579
0.999579
0.99958
0.99958
0.999581
0.999583
0.999585
0.999585
0.999585
0.999586
0.999586
0.999587
0.99959
0.999592
0.999592
0.999592
0.999593
0.999593
0.999593
0.999594
0.999594
0.999594
0.999595
0.999595
0.999596
0.999596
0.999596
0.999596
0.999597
0.999598
0.999598
0.999599
0.999599
0.999599
0.9996
0.999603
0.999604
0.999604
0.999604
0.999604
0.999605
0.999606
0.999606
0.999606
0.999607
0.999607
0.999607
0.999607
0.999608
0.999608
0.99961
0.999611
0.999611
0.999611
0.999612
0.999613
0.999614
0.999616
0.999616
0.999616
0.999618
0.999619
0.999619
0.99962
0.99962
0.99962
0.999621
0.999621
0.999623
0.999623
0.999624
0.999625
0.999627
0.999628
0.999629
0.999629
0.99963
0.99963
0.999633
0.999633
0.999634
0.999636
0.999637
0.999637
0.999637
0.999637
0.999638
0.99964
0.99964
0.999641
0.999641
0.999642
0.999642
0.999643
0.999644
0.999644
0.999645
0.999645
0.999646
0.999647
0.999647
0.999647
0.999648
0.999648
0.99965
0.999651
0.999652
0.999652
0.999654
0.999656
0.999657
0.999658
0.999658
0.999658
0.999658
0.999658
0.999659
0.999659
0.99966
0.999663
0.999664
0.999665
0.999666
0.999666
0.999666
0.999666
0.999667
0.999667
0.999669
0.999669
0.99967
0.99967
0.99967
0.999671
0.999672
0.999672
0.999674
0.999674
0.999675
0.999675
0.999676
0.999677
0.999677
0.999677
0.999677
0.999679
0.999679
0.999679
0.99968
0.99968
0.999681
0.999681
0.999681
0.999682
0.999683
0.999683
0.999684
0.999684
0.999685
0.999685
0.999687
0.999687
0.999687
0.999688
0.999688
0.99969
0.99969
0.99969
0.99969
0.99969
0.999691
0.999692
0.999694
0.999694
0.999694
0.999696
0.999696
0.999697
0.999697
0.999697
0.999698
0.999699
0.999699
0.999702
0.999703
0.999703
0.999704
0.999705
0.999705
0.999708
0.999708
0.999709
0.99971
0.99971
0.99971
0.999711
0.999712
0.999713
0.999714
0.999714
0.999715
0.999715
0.999716
0.999716
0.999716
0.999716
0.999717
0.999717
0.999717
0.999718
0.999718
0.999718
0.999719
0.999719
0.999721
0.999721
0.999721
0.999722
0.999723
0.999723
0.999725
0.999725
0.999727
0.999727
0.999728
0.999728
0.999729
0.999729
0.999729
0.999729
0.99973
0.99973
0.99973
0.999731
0.999731
0.999731
0.999732
0.999732
0.999733
0.999734
0.999735
0.999735
0.999736
0.999736
0.999737
0.999738
0.999739
0.99974
0.99974
0.99974
0.999742
0.999742
0.999742
0.999743
0.999743
0.999745
0.999745
0.999746
0.999747
0.999747
0.999747
0.999747
0.999747
0.999748
0.999748
0.999748
0.999749
0.99975
0.99975
0.999752
0.999752
0.999753
0.999753
0.999753
0.999754
0.999756
0.999757
0.999758
0.999758
0.999758
0.99976
0.99976
0.999761
0.999761
0.999761
0.999762
0.999764
0.999764
0.999764
0.999764
0.999765
0.999765
0.999765
0.999765
0.999766
0.999766
0.999767
0.999768
0.999768
0.999769
0.999772
0.999772
0.999773
0.999774
0.999775
0.999775
0.999777
0.999778
0.999779
0.999779
0.999779
0.99978
0.99978
0.99978
0.99978
0.99978
0.999781
0.999781
0.999782
0.999782
0.999783
0.999783
0.999784
0.999785
0.999786
0.999786
0.999787
0.999787
0.999788
0.999789
0.999789
0.999789
0.999791
0.999791
0.999793
0.999794
0.999794
0.999795
0.999795
0.999795
0.999795
0.999797
0.999798
0.999799
0.9998
0.9998
0.999801
0.999801
0.999801
0.999803
0.999803
0.999804
0.999804
0.999807
0.999808
0.999808
0.999808
0.999808
0.999811
0.999811
0.999812
0.999814
0.999815
0.999815
0.999815
0.999816
0.999817
0.999817
0.999817
0.999817
0.999818
0.999818
0.999819
0.999819
0.99982
0.99982
0.99982
0.99982
0.99982
0.999821
0.999821
0.999821
0.999821
0.999821
0.999823
0.999823
0.999823
0.999825
0.999825
0.999825
0.999825
0.999825
0.999825
0.999825
0.999826
0.999826
0.999827
0.999827
0.999828
0.999828
0.999828
0.999829
0.99983
0.999831
0.999832
0.999832
0.999833
0.999833
0.999833
0.999833
0.999835
0.999835
0.999836
0.999836
0.999836
0.999838
0.999838
0.999838
0.999839
0.999839
0.99984
0.999841
0.999841
0.999843
0.999844
0.999844
0.999844
0.999845
0.999846
0.999846
0.999846
0.999847
0.999848
0.999849
0.99985
0.99985
0.999851
0.999851
0.999851
0.999852
0.999856
0.999856
0.999856
0.999856
0.999857
0.999858
0.999859
0.999859
0.99986
0.999861
0.999862
0.999862
0.999862
0.999863
0.999864
0.999864
0.999864
0.999864
0.999865
0.999865
0.999865
0.999865
0.999866
0.999866
0.999867
0.999867
0.999868
0.999869
0.999869
0.99987
0.99987
0.999872
0.999872
0.999872
0.999874
0.999874
0.999876
0.999876
0.999876
0.999877
0.999878
0.999879
0.99988
0.99988
0.999882
0.999882
0.999883
0.999884
0.999886
0.999886
0.999887
0.999887
0.999887
0.999887
0.999888
0.999888
0.999888
0.999889
0.99989
0.99989
0.99989
0.99989
0.999891
0.999891
0.999892
0.999892
0.999892
0.999894
0.999894
0.999895
0.999896
0.999896
0.999896
0.999896
0.999897
0.999898
0.999898
0.999899
0.999901
0.999902
0.999903
0.999904
0.999905
0.999906
0.999907
0.999907
0.999908
0.999908
0.999908
0.999908
0.999909
0.999909
0.99991
0.99991
0.999911
0.999911
0.999911
0.999912
0.999913
0.999913
0.999915
0.999916
0.999916
0.999917
0.999921
0.999922
0.999922
0.999924
0.999924
0.999925
0.999926
0.999926
0.999927
0.999928
0.999928
0.999928
0.999929
0.999932
0.999933
0.999933
0.999933
0.999934
0.999936
0.999936
0.999936
0.999938
0.999939
0.999939
0.999939
0.999941
0.999941
0.999942
0.999943
0.999943
0.999945
0.999945
0.999946
0.999947
0.999947
0.999948
0.999949
0.999949
0.999949
0.99995
0.99995
0.99995
0.99995
0.99995
0.999951
0.999952
0.999954
0.999955
0.999958
0.999959
0.999959
0.99996
0.999961
0.999961
0.999961
0.999961
0.999962
0.999965
0.999965
0.999965
0.999965
0.999966
0.999966
0.999966
0.999967
0.999968
0.999968
0.999968
0.999969
0.99997
0.999971
0.999971
0.999971
0.999975
0.999976
0.999978
0.999978
0.999978
0.999979
0.999981
0.999981
0.999982
0.999982
0.999983
0.999983
0.999984
0.999985
0.999986
0.999986
0.999987
0.999987
0.999988
0.999989
0.999989
0.99999
0.99999
0.999991
0.999991
0.999991
0.999993
0.999993
0.999993
0.999995
0.999996
0.999997
0.999997
0.999998
0.999999
0.999999
1
1
1
1
1
1
1
1
1.00001
1.00001
1.00001
1.00001
1.00001
1.00001
1.00001
1.00001
1.00001
1.00001
1.00001
1.00002
1.00002
1.00002
1.00002
1.00002
1.00002
1.00002
1.00002
1.00002
1.00002
1.00002
1.00002
1.00003
1.00003
1.00003
1.00003
1.00003
1.00003
1.00003
1.00003
1.00003
1.00003
1.00003
1.00003
1.00003
1.00003
1.00003
1.00004
1.00004
1.00004
1.00004
1.00004
1.00004
1.00004
1.00004
1.00004
1.00004
1.00004
1.00004
1.00004
1.00004
1.00004
1.00005
1.00005
1.00005
1.00005
1.00005
1.00005
1.00005
1.00005
1.00005
1.00006
1.00006
1.00006
1.00006
1.00006
1.00006
1.00006
1.00006
1.00006
1.00006
1.00006
1.00006
1.00006
1.00006
1.00006
1.00006
1.00006
1.00006
1.00006
1.00007
1.00007
1.00007
1.00007
1.00007
1.00007
1.00007
1.00007
1.00007
1.00007
1.00007
1.00007
1.00007
1.00007
1.00007
1.00007
1.00007
1.00008
1.00008
1.00008
1.00008
1.00008
1.00008
1.00008
1.00008
1.00008
1.00008
1.00008
1.00008
1.00008
1.00008
1.00008
1.00009
1.00009
1.00009
1.00009
1.00009
1.00009
1.00009
1.00009
1.00009
1.00009
1.00009
1.00009
1.00009
1.0001
1.0001
1.0001
1.0001
1.0001
1.0001
1.0001
1.0001
1.0001
1.0001
1.0001
1.0001
1.0001
1.0001
1.0001
1.00011
1.00011
1.00011
1.00011
1.00011
1.00011
1.00011
1.00011
1.00011
1.00011
1.00011
1.00011
1.00011
1.00011
1.00011
1.00011
1.00011
1.00012
1.00012
1.00012
1.00012
1.00012
1.00012
1.00012
1.00012
1.00012
1.00012
1.00012
1.00012
1.00012
1.00012
1.00012
1.00012
1.00012
1.00012
1.00012
1.00012
1.00012
1.00012
1.00012
1.00012
1.00012
1.00013
1.00013
1.00013
1.00013
1.00013
1.00013
1.00013
1.00013
1.00013
1.00013
1.00013
1.00014
1.00014
1.00014
1.00014
1.00014
1.00014
1.00014
1.00014
1.00014
1.00014
1.00014
1.00014
1.00014
1.00014
1.00014
1.00014
1.00015
1.00015
1.00015
1.00015
1.00015
1.00015
1.00015
1.00015
1.00015
1.00015
1.00015
1.00015
1.00015
1.00015
1.00015
1.00016
1.00016
1.00016
1.00016
1.00016
1.00016
1.00016
1.00016
1.00016
1.00016
1.00016
1.00016
1.00016
1.00016
1.00016
1.00016
1.00016
1.00017
1.00017
1.00017
1.00017
1.00017
1.00017
1.00017
1.00017
1.00017
1.00017
1.00017
1.00017
1.00017
1.00017
1.00017
1.00017
1.00017
1.00017
1.00017
1.00018
1.00018
1.00018
1.00018
1.00018
1.00018
1.00018
1.00018
1.00018
1.00018
1.00018
1.00018
1.00018
1.00018
1.00018
1.00018
1.00018
1.00019
1.00019
1.00019
1.00019
1.00019
1.00019
1.00019
1.00019
1.00019
1.00019
1.00019
1.00019
1.00019
1.00019
1.0002
1.0002
1.0002
1.0002
1.0002
1.0002
1.0002
1.0002
1.0002
1.0002
1.0002
1.0002
1.0002
1.0002
1.0002
1.0002
1.00021
1.00021
1.00021
1.00021
1.00021
1.00021
1.00021
1.00021
1.00021
1.00021
1.00021
1.00021
1.00021
1.00021
1.00021
1.00021
1.00021
1.00021
1.00021
1.00022
1.00022
1.00022
1.00022
1.00022
1.00022
1.00022
1.00022
1.00022
1.00022
1.00022
1.00022
1.00022
1.00022
1.00022
1.00022
1.00022
1.00022
1.00023
1.00023
1.00023
1.00023
1.00023
1.00023
1.00023
1.00023
1.00023
1.00023
1.00023
1.00023
1.00023
1.00023
1.00023
1.00023
1.00023
1.00023
1.00024
1.00024
1.00024
1.00024
1.00024
1.00024
1.00024
1.00024
1.00024
1.00024
1.00024
1.00024
1.00024
1.00024
1.00024
1.00024
1.00025
1.00025
1.00025
1.00025
1.00025
1.00025
1.00025
1.00025
1.00025
1.00025
1.00025
1.00025
1.00025
1.00025
1.00025
1.00025
1.00025
1.00026
1.00026
1.00026
1.00026
1.00026
1.00026
1.00026
1.00026
1.00026
1.00026
1.00026
1.00026
1.00027
1.00027
1.00027
1.00027
1.00027
1.00027
1.00027
1.00027
1.00027
1.00027
1.00027
1.00027
1.00027
1.00027
1.00027
1.00027
1.00027
1.00028
1.00028
1.00028
1.00028
1.00028
1.00028
1.00028
1.00028
1.00028
1.00028
1.00028
1.00028
1.00028
1.00028
1.00028
1.00028
1.00028
1.00028
1.00028
1.00028
1.00028
1.00029
1.00029
1.00029
1.00029
1.00029
1.00029
1.00029
1.00029
1.00029
1.00029
1.00029
1.00029
1.0003
1.0003
1.0003
1.0003
1.0003
1.0003
1.0003
1.0003
1.0003
1.0003
1.0003
1.0003
1.00031
1.00031
1.00031
1.00031
1.00031
1.00031
1.00031
1.00031
1.00031
1.00031
1.00031
1.00031
1.00031
1.00031
1.00031
1.00031
1.00031
1.00031
1.00031
1.00032
1.00032
1.00032
1.00032
1.00032
1.00032
1.00032
1.00032
1.00032
1.00032
1.00032
1.00032
1.00032
1.00033
1.00033
1.00033
1.00033
1.00033
1.00033
1.00033
1.00033
1.00033
1.00033
1.00033
1.00033
1.00033
1.00033
1.00034
1.00034
1.00034
1.00034
1.00034
1.00034
1.00034
1.00034
1.00034
1.00035
1.00035
1.00035
1.00035
1.00035
1.00035
1.00035
1.00035
1.00035
1.00035
1.00035
1.00035
1.00035
1.00035
1.00035
1.00035
1.00035
1.00035
1.00035
1.00035
1.00035
1.00035
1.00036
1.00036
1.00036
1.00036
1.00036
1.00036
1.00036
1.00036
1.00036
1.00037
1.00037
1.00037
1.00037
1.00037
1.00037
1.00037
1.00037
1.00037
1.00037
1.00037
1.00037
1.00038
1.00038
1.00038
1.00038
1.00038
1.00038
1.00038
1.00038
1.00038
1.00038
1.00038
1.00038
1.00038
1.00038
1.00038
1.00038
1.00038
1.00038
1.00038
1.00039
1.00039
1.00039
1.00039
1.00039
1.00039
1.00039
1.00039
1.00039
1.00039
1.00039
1.00039
1.00039
1.00039
1.00039
1.00039
1.0004
1.0004
1.0004
1.0004
1.0004
1.0004
1.0004
1.0004
1.0004
1.0004
1.0004
1.0004
1.0004
1.0004
1.0004
1.00041
1.00041
1.00041
1.00041
1.00041
1.00041
1.00041
1.00041
1.00041
1.00041
1.00041
1.00041
1.00041
1.00041
1.00041
1.00041
1.00041
1.00041
1.00041
1.00042
1.00042
1.00042
1.00042
1.00042
1.00042
1.00042
1.00042
1.00042
1.00042
1.00042
1.00042
1.00042
1.00042
1.00043
1.00043
1.00043
1.00043
1.00043
1.00043
1.00043
1.00043
1.00043
1.00043
1.00043
1.00043
1.00043
1.00043
1.00043
1.00043
1.00043
1.00043
1.00043
1.00043
1.00043
1.00043
1.00043
1.00043
1.00043
1.00043
1.00043
1.00044
1.00044
1.00044
1.00044
1.00044
1.00044
1.00044
1.00044
1.00044
1.00044
1.00045
1.00045
1.00045
1.00045
1.00045
1.00045
1.00045
1.00045
1.00045
1.00045
1.00045
1.00045
1.00046
1.00046
1.00046
1.00046
1.00046
1.00046
1.00046
1.00046
1.00046
1.00046
1.00046
1.00046
1.00046
1.00046
1.00047
1.00047
1.00047
1.00047
1.00047
1.00047
1.00047
1.00047
1.00047
1.00047
1.00047
1.00047
1.00047
1.00047
1.00047
1.00047
1.00047
1.00048
1.00048
1.00048
1.00048
1.00048
1.00048
1.00048
1.00048
1.00048
1.00048
1.00048
1.00048
1.00048
1.00048
1.00049
1.00049
1.00049
1.00049
1.00049
1.00049
1.00049
1.00049
1.00049
1.00049
1.00049
1.00049
1.00049
1.0005
1.0005
1.0005
1.0005
1.0005
1.0005
1.0005
1.0005
1.0005
1.0005
1.0005
1.0005
1.0005
1.0005
1.0005
1.0005
1.00051
1.00051
1.00051
1.00051
1.00051
1.00051
1.00051
1.00051
1.00051
1.00051
1.00051
1.00051
1.00051
1.00051
1.00051
1.00052
1.00052
1.00052
1.00052
1.00052
1.00052
1.00052
1.00052
1.00052
1.00052
1.00052
1.00052
1.00052
1.00052
1.00052
1.00052
1.00052
1.00053
1.00053
1.00053
1.00053
1.00053
1.00053
1.00053
1.00053
1.00053
1.00053
1.00053
1.00053
1.00053
1.00053
1.00053
1.00053
1.00054
1.00054
1.00054
1.00054
1.00054
1.00054
1.00054
1.00054
1.00054
1.00054
1.00054
1.00054
1.00054
1.00054
1.00054
1.00054
1.00054
1.00054
1.00055
1.00055
1.00055
1.00055
1.00055
1.00055
1.00055
1.00055
1.00055
1.00055
1.00055
1.00055
1.00055
1.00055
1.00055
1.00055
1.00055
1.00055
1.00055
1.00056
1.00056
1.00056
1.00056
1.00056
1.00056
1.00056
1.00056
1.00056
1.00056
1.00056
1.00056
1.00056
1.00056
1.00056
1.00056
1.00056
1.00057
1.00057
1.00057
1.00057
1.00057
1.00057
1.00057
1.00057
1.00057
1.00057
1.00057
1.00058
1.00058
1.00058
1.00058
1.00058
1.00058
1.00058
1.00058
1.00058
1.00058
1.00058
1.00058
1.00058
1.00058
1.00059
1.00059
1.00059
1.00059
1.00059
1.00059
1.00059
1.00059
1.00059
1.00059
1.00059
1.00059
1.00059
1.00059
1.00059
1.00059
1.00059
1.0006
1.0006
1.0006
1.0006
1.0006
1.0006
1.0006
1.0006
1.0006
1.0006
1.0006
1.0006
1.00061
1.00061
1.00061
1.00061
1.00061
1.00061
1.00061
1.00061
1.00061
1.00061
1.00061
1.00061
1.00061
1.00061
1.00062
1.00062
1.00062
1.00062
1.00062
1.00062
1.00062
1.00062
1.00062
1.00062
1.00062
1.00062
1.00062
1.00062
1.00062
1.00062
1.00062
1.00062
1.00062
1.00063
1.00063
1.00063
1.00063
1.00063
1.00063
1.00063
1.00063
1.00063
1.00063
1.00063
1.00063
1.00063
1.00063
1.00063
1.00064
1.00064
1.00064
1.00064
1.00064
1.00064
1.00064
1.00064
1.00064
1.00064
1.00064
1.00064
1.00064
1.00064
1.00064
1.00064
1.00064
1.00064
1.00064
1.00064
1.00064
1.00064
1.00064
1.00065
1.00065
1.00065
1.00065
1.00065
1.00065
1.00065
1.00065
1.00065
1.00065
1.00065
1.00065
1.00065
1.00065
1.00065
1.00065
1.00065
1.00065
1.00065
1.00066
1.00066
1.00066
1.00066
1.00066
1.00066
1.00066
1.00066
1.00066
1.00066
1.00066
1.00066
1.00066
1.00066
1.00066
1.00066
1.00067
1.00067
1.00067
1.00067
1.00067
1.00067
1.00067
1.00067
1.00067
1.00067
1.00067
1.00067
1.00067
1.00067
1.00067
1.00068
1.00068
1.00068
1.00068
1.00068
1.00068
1.00068
1.00068
1.00068
1.00068
1.00068
1.00068
1.00068
1.00068
1.00068
1.00068
1.00068
1.00068
1.00068
1.00068
1.00068
1.00068
1.00069
1.00069
1.00069
1.00069
1.00069
1.00069
1.00069
1.00069
1.00069
1.00069
1.00069
1.00069
1.00069
1.00069
1.00069
1.0007
1.0007
1.0007
1.0007
1.0007
1.0007
1.0007
1.0007
1.0007
1.0007
1.0007
1.0007
1.0007
1.0007
1.0007
1.0007
1.0007
1.00071
1.00071
1.00071
1.00071
1.00071
1.00071
1.00071
1.00071
1.00071
1.00071
1.00071
1.00071
1.00071
1.00071
1.00071
1.00071
1.00072
1.00072
1.00072
1.00072
1.00072
1.00072
1.00072
1.00072
1.00072
1.00072
1.00073
1.00073
1.00073
1.00073
1.00073
1.00073
1.00073
1.00073
1.00073
1.00073
1.00073
1.00073
1.00073
1.00073
1.00073
1.00073
1.00073
1.00073
1.00073
1.00073
1.00073
1.00074
1.00074
1.00074
1.00074
1.00074
1.00074
1.00074
1.00074
1.00074
1.00074
1.00074
1.00074
1.00074
1.00074
1.00074
1.00074
1.00074
1.00074
1.00074
1.00074
1.00075
1.00075
1.00075
1.00075
1.00075
1.00075
1.00075
1.00075
1.00075
1.00075
1.00076
1.00076
1.00076
1.00076
1.00076
1.00076
1.00076
1.00076
1.00076
1.00076
1.00076
1.00076
1.00076
1.00076
1.00076
1.00076
1.00076
1.00076
1.00077
1.00077
1.00077
1.00077
1.00077
1.00077
1.00077
1.00077
1.00077
1.00077
1.00077
1.00077
1.00077
1.00077
1.00077
1.00077
1.00077
1.00077
1.00077
1.00077
1.00077
1.00077
1.00078
1.00078
1.00078
1.00078
1.00078
1.00078
1.00078
1.00078
1.00078
1.00078
1.00078
1.00078
1.00078
1.00079
1.00079
1.00079
1.00079
1.00079
1.00079
1.00079
1.00079
1.00079
1.00079
1.00079
1.0008
1.0008
1.0008
1.0008
1.0008
1.0008
1.0008
1.0008
1.0008
1.0008
1.0008
1.0008
1.00081
1.00081
1.00081
1.00081
1.00081
1.00081
1.00081
1.00081
1.00081
1.00081
1.00081
1.00081
1.00081
1.00081
1.00081
1.00082
1.00082
1.00082
1.00082
1.00082
1.00082
1.00082
1.00082
1.00082
1.00082
1.00082
1.00082
1.00082
1.00083
1.00083
1.00083
1.00083
1.00083
1.00083
1.00083
1.00083
1.00083
1.00083
1.00083
1.00083
1.00083
1.00083
1.00083
1.00083
1.00084
1.00084
1.00084
1.00084
1.00084
1.00084
1.00084
1.00084
1.00084
1.00084
1.00084
1.00084
1.00084
1.00085
1.00085
1.00085
1.00085
1.00085
1.00085
1.00085
1.00085
1.00085
1.00085
1.00085
1.00085
1.00085
1.00085
1.00085
1.00086
1.00086
1.00086
1.00086
1.00086
1.00086
1.00086
1.00086
1.00086
1.00086
1.00086
1.00086
1.00086
1.00086
1.00086
1.00086
1.00087
1.00087
1.00087
1.00087
1.00087
1.00087
1.00087
1.00087
1.00087
1.00087
1.00087
1.00088
1.00088
1.00088
1.00088
1.00088
1.00088
1.00088
1.00088
1.00088
1.00088
1.00088
1.00088
1.00089
1.00089
1.00089
1.00089
1.00089
1.00089
1.00089
1.00089
1.00089
1.00089
1.00089
1.00089
1.00089
1.00089
1.00089
1.00089
1.00089
1.00089
1.00089
1.00089
1.00089
1.00089
1.00089
1.00089
1.0009
1.0009
1.0009
1.0009
1.0009
1.0009
1.0009
1.0009
1.0009
1.0009
1.0009
1.0009
1.0009
1.0009
1.0009
1.00091
1.00091
1.00091
1.00091
1.00091
1.00091
1.00091
1.00091
1.00091
1.00091
1.00091
1.00091
1.00091
1.00091
1.00091
1.00091
1.00091
1.00092
1.00092
1.00092
1.00092
1.00092
1.00092
1.00092
1.00092
1.00092
1.00092
1.00092
1.00092
1.00092
1.00092
1.00092
1.00092
1.00092
1.00092
1.00092
1.00093
1.00093
1.00093
1.00093
1.00093
1.00093
1.00093
1.00093
1.00093
1.00093
1.00093
1.00093
1.00093
1.00093
1.00094
1.00094
1.00094
1.00094
1.00094
1.00094
1.00094
1.00094
1.00094
1.00094
1.00094
1.00094
1.00094
1.00094
1.00094
1.00094
1.00094
1.00094
1.00094
1.00095
1.00095
1.00095
1.00095
1.00095
1.00095
1.00095
1.00095
1.00095
1.00095
1.00095
1.00096
1.00096
1.00096
1.00096
1.00096
1.00096
1.00096
1.00096
1.00096
1.00096
1.00096
1.00096
1.00096
1.00096
1.00096
1.00097
1.00097
1.00097
1.00097
1.00097
1.00097
1.00097
1.00097
1.00097
1.00097
1.00097
1.00097
1.00097
1.00097
1.00097
1.00097
1.00098
1.00098
1.00098
1.00098
1.00098
1.00098
1.00098
1.00098
1.00098
1.00098
1.00099
1.00099
1.00099
1.00099
1.00099
1.00099
1.00099
1.00099
1.00099
1.00099
1.00099
1.00099
1.00099
1.00099
1.00099
1.00099
1.00099
1.001
1.001
1.001
1.001
1.001
1.001
1.001
1.001
1.001
1.001
1.001
1.001
1.001
1.001
1.001
1.00101
1.00101
1.00101
1.00101
1.00101
1.00101
1.00101
1.00101
1.00101
1.00101
1.00101
1.00101
1.00101
1.00101
1.00101
1.00101
1.00101
1.00101
1.00102
1.00102
1.00102
1.00102
1.00102
1.00102
1.00102
1.00102
1.00102
1.00102
1.00102
1.00102
1.00102
1.00103
1.00103
1.00103
1.00103
1.00103
1.00103
1.00103
1.00103
1.00103
1.00103
1.00103
1.00104
1.00104
1.00104
1.00104
1.00104
1.00104
1.00104
1.00104
1.00104
1.00104
1.00104
1.00105
1.00105
1.00105
1.00105
1.00105
1.00105
1.00105
1.00105
1.00105
1.00105
1.00105
1.00105
1.00105
1.00105
1.00105
1.00105
1.00105
1.00105
1.00105
1.00105
1.00106
1.00106
1.00106
1.00106
1.00106
1.00106
1.00106
1.00106
1.00106
1.00107
1.00107
1.00107
1.00107
1.00107
1.00107
1.00107
1.00107
1.00107
1.00107
1.00107
1.00108
1.00108
1.00108
1.00108
1.00108
1.00108
1.00108
1.00108
1.00108
1.00108
1.00108
1.00108
1.00108
1.00108
1.00108
1.00109
1.00109
1.00109
1.00109
1.00109
1.00109
1.00109
1.00109
1.00109
1.00109
1.00109
1.00109
1.0011
1.0011
1.0011
1.0011
1.0011
1.0011
1.0011
1.0011
1.0011
1.0011
1.0011
1.0011
1.0011
1.0011
1.00111
1.00111
1.00111
1.00111
1.00111
1.00111
1.00111
1.00111
1.00111
1.00111
1.00111
1.00111
1.00111
1.00111
1.00111
1.00112
1.00112
1.00112
1.00112
1.00112
1.00112
1.00112
1.00112
1.00112
1.00112
1.00112
1.00112
1.00112
1.00112
1.00112
1.00113
1.00113
1.00113
1.00113
1.00113
1.00113
1.00113
1.00113
1.00113
1.00113
1.00113
1.00113
1.00113
1.00113
1.00113
1.00113
1.00114
1.00114
1.00114
1.00114
1.00114
1.00114
1.00114
1.00114
1.00115
1.00115
1.00115
1.00115
1.00115
1.00115
1.00115
1.00115
1.00116
1.00116
1.00116
1.00116
1.00116
1.00116
1.00116
1.00116
1.00116
1.00116
1.00116
1.00116
1.00116
1.00116
1.00116
1.00117
1.00117
1.00117
1.00117
1.00117
1.00117
1.00117
1.00117
1.00118
1.00118
1.00118
1.00118
1.00118
1.00118
1.00118
1.00118
1.00118
1.00118
1.00118
1.00118
1.00118
1.00118
1.00118
1.00119
1.00119
1.00119
1.00119
1.00119
1.00119
1.0012
1.0012
1.0012
1.0012
1.0012
1.0012
1.0012
1.0012
1.0012
1.0012
1.0012
1.0012
1.0012
1.00121
1.00121
1.00121
1.00121
1.00121
1.00121
1.00121
1.00121
1.00121
1.00121
1.00121
1.00121
1.00121
1.00122
1.00122
1.00122
1.00122
1.00122
1.00122
1.00122
1.00122
1.00122
1.00122
1.00122
1.00122
1.00122
1.00123
1.00123
1.00123
1.00123
1.00123
1.00123
1.00123
1.00123
1.00123
1.00123
1.00123
1.00123
1.00123
1.00123
1.00123
1.00123
1.00123
1.00123
1.00123
1.00124
1.00124
1.00124
1.00124
1.00124
1.00124
1.00124
1.00124
1.00124
1.00124
1.00124
1.00124
1.00125
1.00125
1.00125
1.00125
1.00125
1.00125
1.00125
1.00125
1.00125
1.00125
1.00125
1.00125
1.00125
1.00125
1.00126
1.00126
1.00126
1.00126
1.00126
1.00126
1.00126
1.00126
1.00126
1.00126
1.00126
1.00127
1.00127
1.00127
1.00127
1.00127
1.00127
1.00127
1.00127
1.00127
1.00127
1.00127
1.00127
1.00127
1.00128
1.00128
1.00128
1.00128
1.00128
1.00128
1.00128
1.00128
1.00128
1.00128
1.00128
1.00128
1.00128
1.00128
1.00128
1.00129
1.00129
1.00129
1.00129
1.00129
1.00129
1.00129
1.00129
1.00129
1.00129
1.00129
1.00129
1.0013
1.0013
1.0013
1.0013
1.0013
1.0013
1.0013
1.0013
1.0013
1.0013
1.0013
1.0013
1.0013
1.00131
1.00131
1.00131
1.00131
1.00131
1.00131
1.00131
1.00131
1.00131
1.00131
1.00131
1.00131
1.00131
1.00131
1.00131
1.00131
1.00131
1.00132
1.00132
1.00132
1.00132
1.00132
1.00132
1.00132
1.00132
1.00132
1.00132
1.00132
1.00133
1.00133
1.00133
1.00133
1.00133
1.00133
1.00133
1.00133
1.00133
1.00133
1.00133
1.00133
1.00133
1.00133
1.00133
1.00133
1.00133
1.00134
1.00134
1.00134
1.00134
1.00134
1.00134
1.00134
1.00134
1.00134
1.00134
1.00134
1.00134
1.00134
1.00134
1.00134
1.00134
1.00135
1.00135
1.00135
1.00135
1.00135
1.00135
1.00135
1.00135
1.00136
1.00136
1.00136
1.00136
1.00136
1.00136
1.00136
1.00136
1.00136
1.00136
1.00136
1.00136
1.00136
1.00136
1.00136
1.00136
1.00136
1.00136
1.00136
1.00136
1.00136
1.00136
1.00136
1.00136
1.00137
1.00137
1.00137
1.00137
1.00137
1.00137
1.00137
1.00137
1.00137
1.00137
1.00137
1.00137
1.00137
1.00137
1.00137
1.00138
1.00138
1.00138
1.00138
1.00138
1.00138
1.00138
1.00138
1.00138
1.00138
1.00138
1.00138
1.00138
1.00138
1.00138
1.00138
1.00138
1.00138
1.00139
1.00139
1.00139
1.00139
1.00139
1.00139
1.00139
1.00139
1.00139
1.00139
1.00139
1.00139
1.0014
1.0014
1.0014
1.0014
1.0014
1.0014
1.0014
1.0014
1.0014
1.0014
1.0014
1.0014
1.0014
1.0014
1.00141
1.00141
1.00141
1.00141
1.00141
1.00141
1.00141
1.00141
1.00141
1.00141
1.00141
1.00141
1.00141
1.00141
1.00141
1.00142
1.00142
1.00142
1.00142
1.00142
1.00142
1.00142
1.00142
1.00142
1.00142
1.00142
1.00142
1.00142
1.00142
1.00142
1.00143
1.00143
1.00143
1.00143
1.00143
1.00143
1.00143
1.00143
1.00143
1.00143
1.00143
1.00143
1.00144
1.00144
1.00144
1.00144
1.00144
1.00144
1.00144
1.00144
1.00144
1.00144
1.00144
1.00144
1.00144
1.00145
1.00145
1.00145
1.00145
1.00145
1.00145
1.00145
1.00146
1.00146
1.00146
1.00146
1.00146
1.00146
1.00146
1.00146
1.00146
1.00147
1.00147
1.00147
1.00147
1.00147
1.00147
1.00147
1.00147
1.00147
1.00147
1.00147
1.00147
1.00147
1.00147
1.00147
1.00148
1.00148
1.00148
1.00148
1.00148
1.00148
1.00148
1.00148
1.00148
1.00148
1.00148
1.00148
1.00148
1.00148
1.00148
1.00149
1.00149
1.00149
1.00149
1.00149
1.00149
1.00149
1.00149
1.00149
1.00149
1.00149
1.00149
1.00149
1.0015
1.0015
1.0015
1.0015
1.0015
1.0015
1.0015
1.0015
1.0015
1.0015
1.0015
1.0015
1.0015
1.0015
1.0015
1.0015
1.0015
1.0015
1.00151
1.00151
1.00151
1.00151
1.00151
1.00151
1.00151
1.00151
1.00151
1.00151
1.00151
1.00151
1.00152
1.00152
1.00152
1.00152
1.00152
1.00152
1.00152
1.00152
1.00152
1.00152
1.00152
1.00152
1.00152
1.00153
1.00153
1.00153
1.00153
1.00153
1.00153
1.00153
1.00153
1.00153
1.00153
1.00153
1.00153
1.00154
1.00154
1.00154
1.00154
1.00154
1.00154
1.00154
1.00154
1.00154
1.00154
1.00154
1.00155
1.00155
1.00155
1.00155
1.00155
1.00155
1.00155
1.00155
1.00155
1.00155
1.00155
1.00155
1.00155
1.00155
1.00155
1.00155
1.00155
1.00155
1.00155
1.00155
1.00155
1.00155
1.00155
1.00155
1.00155
1.00156
1.00156
1.00156
1.00156
1.00156
1.00156
1.00156
1.00156
1.00156
1.00156
1.00157
1.00157
1.00157
1.00157
1.00157
1.00157
1.00157
1.00157
1.00157
1.00157
1.00157
1.00157
1.00157
1.00157
1.00157
1.00157
1.00157
1.00157
1.00158
1.00158
1.00158
1.00158
1.00158
1.00158
1.00158
1.00158
1.00158
1.00158
1.00158
1.00159
1.00159
1.00159
1.00159
1.00159
1.00159
1.00159
1.00159
1.00159
1.00159
1.00159
1.00159
1.00159
1.0016
1.0016
1.0016
1.0016
1.0016
1.0016
1.0016
1.0016
1.0016
1.0016
1.0016
1.0016
1.0016
1.0016
1.0016
1.00161
1.00161
1.00161
1.00161
1.00161
1.00161
1.00161
1.00161
1.00161
1.00161
1.00161
1.00161
1.00161
1.00161
1.00161
1.00161
1.00162
1.00162
1.00162
1.00162
1.00162
1.00162
1.00162
1.00162
1.00162
1.00162
1.00163
1.00163
1.00163
1.00163
1.00163
1.00163
1.00163
1.00163
1.00163
1.00163
1.00164
1.00164
1.00164
1.00164
1.00164
1.00164
1.00164
1.00164
1.00164
1.00164
1.00164
1.00164
1.00165
1.00165
1.00165
1.00165
1.00165
1.00165
1.00165
1.00165
1.00165
1.00165
1.00165
1.00165
1.00165
1.00165
1.00165
1.00165
1.00166
1.00166
1.00166
1.00166
1.00166
1.00166
1.00166
1.00166
1.00166
1.00167
1.00167
1.00167
1.00167
1.00167
1.00167
1.00167
1.00167
1.00167
1.00167
1.00167
1.00167
1.00167
1.00167
1.00167
1.00167
1.00167
1.00167
1.00168
1.00168
1.00168
1.00168
1.00168
1.00168
1.00168
1.00168
1.00168
1.00169
1.00169
1.00169
1.00169
1.00169
1.00169
1.00169
1.00169
1.00169
1.00169
1.00169
1.00169
1.00169
1.00169
1.00169
1.00169
1.00169
1.00169
1.00169
1.00169
1.00169
1.00169
1.00169
1.0017
1.0017
1.0017
1.0017
1.0017
1.0017
1.0017
1.0017
1.0017
1.00171
1.00171
1.00171
1.00171
1.00171
1.00171
1.00171
1.00171
1.00171
1.00171
1.00171
1.00171
1.00171
1.00171
1.00171
1.00172
1.00172
1.00172
1.00172
1.00172
1.00172
1.00172
1.00172
1.00172
1.00172
1.00172
1.00172
1.00172
1.00172
1.00172
1.00172
1.00173
1.00173
1.00173
1.00173
1.00173
1.00173
1.00173
1.00173
1.00173
1.00173
1.00173
1.00173
1.00173
1.00173
1.00173
1.00174
1.00174
1.00174
1.00174
1.00174
1.00174
1.00174
1.00174
1.00174
1.00174
1.00174
1.00174
1.00174
1.00175
1.00175
1.00175
1.00175
1.00175
1.00175
1.00175
1.00175
1.00175
1.00175
1.00175
1.00175
1.00175
1.00175
1.00176
1.00176
1.00176
1.00176
1.00176
1.00176
1.00176
1.00176
1.00176
1.00176
1.00176
1.00176
1.00176
1.00177
1.00177
1.00177
1.00177
1.00177
1.00177
1.00177
1.00177
1.00177
1.00177
1.00177
1.00177
1.00177
1.00177
1.00178
1.00178
1.00178
1.00178
1.00178
1.00178
1.00178
1.00178
1.00178
1.00178
1.00178
1.00178
1.00178
1.00178
1.00178
1.00178
1.00178
1.00178
1.00178
1.00178
1.00178
1.00179
1.00179
1.00179
1.00179
1.00179
1.00179
1.00179
1.00179
1.00179
1.00179
1.00179
1.00179
1.00179
1.00179
1.00179
1.00179
1.00179
1.00179
1.0018
1.0018
1.0018
1.0018
1.0018
1.0018
1.0018
1.0018
1.00181
1.00181
1.00181
1.00181
1.00181
1.00181
1.00181
1.00181
1.00181
1.00181
1.00181
1.00181
1.00182
1.00182
1.00182
1.00182
1.00182
1.00182
1.00182
1.00182
1.00182
1.00182
1.00182
1.00182
1.00182
1.00183
1.00183
1.00183
1.00183
1.00183
1.00183
1.00183
1.00183
1.00183
1.00183
1.00183
1.00183
1.00183
1.00183
1.00183
1.00183
1.00183
1.00183
1.00184
1.00184
1.00184
1.00184
1.00184
1.00184
1.00184
1.00185
1.00185
1.00185
1.00185
1.00185
1.00185
1.00185
1.00185
1.00185
1.00186
1.00186
1.00186
1.00186
1.00186
1.00186
1.00186
1.00186
1.00186
1.00186
1.00186
1.00186
1.00186
1.00186
1.00186
1.00186
1.00186
1.00187
1.00187
1.00187
1.00187
1.00187
1.00187
1.00187
1.00187
1.00187
1.00187
1.00187
1.00187
1.00188
1.00188
1.00188
1.00188
1.00188
1.00188
1.00188
1.00188
1.00188
1.00189
1.00189
1.00189
1.00189
1.00189
1.00189
1.00189
1.00189
1.00189
1.00189
1.00189
1.00189
1.00189
1.00189
1.0019
1.0019
1.0019
1.0019
1.0019
1.0019
1.0019
1.0019
1.0019
1.0019
1.0019
1.00191
1.00191
1.00191
1.00191
1.00191
1.00191
1.00191
1.00191
1.00191
1.00191
1.00191
1.00191
1.00191
1.00192
1.00192
1.00192
1.00192
1.00192
1.00192
1.00192
1.00192
1.00192
1.00192
1.00192
1.00193
1.00193
1.00193
1.00193
1.00193
1.00193
1.00193
1.00193
1.00193
1.00193
1.00193
1.00193
1.00193
1.00193
1.00193
1.00194
1.00194
1.00194
1.00194
1.00194
1.00194
1.00194
1.00194
1.00194
1.00194
1.00194
1.00194
1.00195
1.00195
1.00195
1.00195
1.00195
1.00195
1.00195
1.00195
1.00195
1.00195
1.00195
1.00195
1.00195
1.00196
1.00196
1.00196
1.00196
1.00196
1.00196
1.00196
1.00196
1.00196
1.00196
1.00196
1.00196
1.00196
1.00196
1.00196
1.00196
1.00197
1.00197
1.00197
1.00197
1.00197
1.00197
1.00197
1.00197
1.00197
1.00197
1.00197
1.00198
1.00198
1.00198
1.00198
1.00198
1.00198
1.00198
1.00198
1.00198
1.00198
1.00198
1.00198
1.00198
1.00199
1.00199
1.00199
1.00199
1.00199
1.00199
1.00199
1.00199
1.00199
1.00199
1.00199
1.00199
1.00199
1.00199
1.00199
1.002
1.002
1.002
1.002
1.002
1.002
1.002
1.002
1.00201
1.00201
1.00201
1.00201
1.00201
1.00201
1.00201
1.00201
1.00201
1.00202
1.00202
1.00202
1.00202
1.00202
1.00202
1.00202
1.00202
1.00202
1.00202
1.00203
1.00203
1.00203
1.00203
1.00203
1.00203
1.00203
1.00204
1.00204
1.00204
1.00204
1.00204
1.00204
1.00204
1.00204
1.00204
1.00204
1.00204
1.00204
1.00204
1.00205
1.00205
1.00205
1.00205
1.00205
1.00205
1.00205
1.00205
1.00205
1.00205
1.00205
1.00205
1.00205
1.00206
1.00206
1.00206
1.00206
1.00206
1.00206
1.00206
1.00206
1.00206
1.00207
1.00207
1.00207
1.00207
1.00207
1.00207
1.00207
1.00207
1.00207
1.00207
1.00207
1.00207
1.00207
1.00207
1.00207
1.00208
1.00208
1.00208
1.00208
1.00208
1.00208
1.00208
1.00208
1.00208
1.00208
1.00208
1.00209
1.00209
1.00209
1.00209
1.00209
1.00209
1.00209
1.00209
1.00209
1.00209
1.00209
1.00209
1.00209
1.0021
1.0021
1.0021
1.0021
1.0021
1.0021
1.0021
1.0021
1.0021
1.0021
1.0021
1.0021
1.0021
1.0021
1.0021
1.00211
1.00211
1.00211
1.00211
1.00211
1.00211
1.00211
1.00211
1.00211
1.00211
1.00211
1.00212
1.00212
1.00212
1.00212
1.00212
1.00212
1.00212
1.00212
1.00212
1.00213
1.00213
1.00213
1.00213
1.00213
1.00213
1.00213
1.00213
1.00213
1.00213
1.00214
1.00214
1.00214
1.00214
1.00214
1.00214
1.00214
1.00214
1.00214
1.00215
1.00215
1.00215
1.00215
1.00215
1.00215
1.00215
1.00215
1.00215
1.00215
1.00215
1.00215
1.00215
1.00215
1.00215
1.00215
1.00216
1.00216
1.00216
1.00216
1.00216
1.00216
1.00216
1.00216
1.00216
1.00216
1.00217
1.00217
1.00217
1.00217
1.00217
1.00217
1.00217
1.00218
1.00218
1.00218
1.00218
1.00218
1.00218
1.00219
1.00219
1.00219
1.00219
1.00219
1.00219
1.00219
1.00219
1.00219
1.0022
1.0022
1.0022
1.0022
1.0022
1.0022
1.0022
1.0022
1.0022
1.0022
1.0022
1.0022
1.0022
1.0022
1.0022
1.0022
1.00221
1.00221
1.00221
1.00221
1.00221
1.00221
1.00221
1.00221
1.00221
1.00221
1.00221
1.00221
1.00221
1.00221
1.00221
1.00221
1.00222
1.00222
1.00222
1.00222
1.00222
1.00222
1.00222
1.00222
1.00222
1.00223
1.00223
1.00223
1.00223
1.00223
1.00223
1.00224
1.00224
1.00224
1.00224
1.00224
1.00224
1.00224
1.00224
1.00224
1.00224
1.00224
1.00224
1.00224
1.00224
1.00224
1.00224
1.00224
1.00224
1.00224
1.00225
1.00225
1.00225
1.00225
1.00225
1.00225
1.00225
1.00225
1.00226
1.00226
1.00226
1.00226
1.00226
1.00226
1.00226
1.00226
1.00226
1.00226
1.00226
1.00226
1.00226
1.00226
1.00227
1.00227
1.00227
1.00227
1.00227
1.00227
1.00227
1.00227
1.00228
1.00228
1.00228
1.00228
1.00228
1.00228
1.00228
1.00228
1.00228
1.00228
1.00228
1.00228
1.00228
1.00228
1.00228
1.00228
1.00228
1.00229
1.00229
1.00229
1.00229
1.00229
1.00229
1.00229
1.00229
1.00229
1.0023
1.0023
1.0023
1.0023
1.0023
1.0023
1.0023
1.0023
1.0023
1.0023
1.00231
1.00231
1.00231
1.00231
1.00231
1.00231
1.00231
1.00231
1.00231
1.00231
1.00231
1.00232
1.00232
1.00232
1.00232
1.00232
1.00232
1.00232
1.00232
1.00232
1.00232
1.00232
1.00232
1.00232
1.00232
1.00232
1.00233
1.00233
1.00233
1.00233
1.00233
1.00233
1.00233
1.00233
1.00233
1.00233
1.00234
1.00234
1.00234
1.00234
1.00234
1.00234
1.00234
1.00234
1.00234
1.00234
1.00234
1.00235
1.00235
1.00235
1.00235
1.00235
1.00235
1.00235
1.00235
1.00235
1.00235
1.00235
1.00235
1.00236
1.00236
1.00236
1.00236
1.00236
1.00236
1.00236
1.00236
1.00236
1.00236
1.00236
1.00236
1.00237
1.00237
1.00237
1.00237
1.00237
1.00237
1.00237
1.00237
1.00237
1.00237
1.00238
1.00238
1.00238
1.00238
1.00238
1.00238
1.00238
1.00238
1.00238
1.00238
1.00239
1.00239
1.00239
1.00239
1.00239
1.00239
1.00239
1.00239
1.00239
1.00239
1.00239
1.00239
1.00239
1.00239
1.0024
1.0024
1.0024
1.0024
1.0024
1.0024
1.0024
1.0024
1.0024
1.0024
1.0024
1.00241
1.00241
1.00241
1.00241
1.00241
1.00241
1.00241
1.00242
1.00242
1.00242
1.00242
1.00242
1.00242
1.00242
1.00242
1.00242
1.00242
1.00242
1.00242
1.00242
1.00242
1.00242
1.00243
1.00243
1.00243
1.00243
1.00243
1.00243
1.00244
1.00244
1.00244
1.00244
1.00244
1.00244
1.00244
1.00244
1.00244
1.00244
1.00244
1.00244
1.00244
1.00244
1.00244
1.00244
1.00245
1.00245
1.00245
1.00245
1.00245
1.00245
1.00245
1.00245
1.00245
1.00245
1.00245
1.00246
1.00246
1.00246
1.00246
1.00246
1.00247
1.00247
1.00247
1.00247
1.00247
1.00247
1.00247
1.00248
1.00248
1.00248
1.00248
1.00248
1.00248
1.00248
1.00248
1.00248
1.00249
1.00249
1.00249
1.00249
1.00249
1.00249
1.0025
1.0025
1.0025
1.0025
1.0025
1.0025
1.0025
1.0025
1.00251
1.00251
1.00251
1.00251
1.00251
1.00251
1.00251
1.00252
1.00252
1.00252
1.00252
1.00252
1.00252
1.00252
1.00252
1.00252
1.00252
1.00252
1.00252
1.00252
1.00252
1.00252
1.00252
1.00252
1.00252
1.00253
1.00253
1.00253
1.00253
1.00253
1.00253
1.00253
1.00253
1.00253
1.00253
1.00253
1.00253
1.00254
1.00254
1.00254
1.00254
1.00254
1.00254
1.00254
1.00255
1.00255
1.00255
1.00255
1.00255
1.00255
1.00255
1.00255
1.00255
1.00255
1.00255
1.00256
1.00256
1.00256
1.00256
1.00256
1.00256
1.00256
1.00256
1.00256
1.00257
1.00257
1.00257
1.00257
1.00257
1.00257
1.00257
1.00257
1.00257
1.00257
1.00258
1.00258
1.00258
1.00258
1.00259
1.00259
1.00259
1.00259
1.00259
1.00259
1.00259
1.00259
1.00259
1.00259
1.00259
1.00259
1.00259
1.0026
1.0026
1.0026
1.0026
1.0026
1.0026
1.0026
1.0026
1.0026
1.0026
1.0026
1.00261
1.00261
1.00261
1.00261
1.00261
1.00261
1.00262
1.00262
1.00262
1.00262
1.00262
1.00262
1.00262
1.00263
1.00263
1.00263
1.00263
1.00263
1.00263
1.00264
1.00264
1.00264
1.00264
1.00264
1.00264
1.00265
1.00265
1.00265
1.00265
1.00265
1.00265
1.00265
1.00265
1.00266
1.00266
1.00266
1.00267
1.00267
1.00267
1.00267
1.00267
1.00267
1.00267
1.00267
1.00267
1.00267
1.00267
1.00268
1.00268
1.00268
1.00268
1.00268
1.00268
1.00268
1.00268
1.00268
1.00268
1.00268
1.00268
1.00269
1.00269
1.00269
1.00269
1.00269
1.0027
1.0027
1.0027
1.0027
1.0027
1.0027
1.0027
1.0027
1.0027
1.00271
1.00271
1.00271
1.00271
1.00271
1.00272
1.00272
1.00272
1.00272
1.00272
1.00272
1.00272
1.00272
1.00272
1.00272
1.00273
1.00273
1.00273
1.00273
1.00274
1.00274
1.00274
1.00274
1.00275
1.00275
1.00275
1.00275
1.00275
1.00275
1.00276
1.00276
1.00276
1.00276
1.00276
1.00276
1.00276
1.00277
1.00277
1.00277
1.00277
1.00277
1.00277
1.00277
1.00277
1.00277
1.00277
1.00278
1.00278
1.00278
1.00278
1.00278
1.00278
1.00278
1.00278
1.00278
1.00278
1.00278
1.00278
1.00278
1.00278
1.00278
1.00278
1.00279
1.00279
1.00279
1.00279
1.00279
1.00279
1.00279
1.00279
1.00279
1.00279
1.0028
1.0028
1.0028
1.0028
1.0028
1.0028
1.00281
1.00281
1.00281
1.00281
1.00281
1.00281
1.00282
1.00282
1.00282
1.00283
1.00283
1.00283
1.00283
1.00283
1.00283
1.00283
1.00283
1.00283
1.00283
1.00284
1.00284
1.00284
1.00284
1.00284
1.00284
1.00284
1.00285
1.00285
1.00285
1.00285
1.00285
1.00285
1.00285
1.00285
1.00285
1.00285
1.00285
1.00285
1.00285
1.00285
1.00286
1.00286
1.00286
1.00286
1.00286
1.00286
1.00286
1.00286
1.00286
1.00287
1.00287
1.00287
1.00287
1.00288
1.00288
1.00288
1.00288
1.00288
1.00288
1.00288
1.00288
1.00289
1.00289
1.00289
1.00289
1.00289
1.00289
1.00289
1.00289
1.00289
1.00289
1.0029
1.0029
1.0029
1.0029
1.0029
1.0029
1.00291
1.00291
1.00291
1.00291
1.00291
1.00291
1.00291
1.00291
1.00291
1.00292
1.00292
1.00292
1.00292
1.00292
1.00292
1.00293
1.00293
1.00293
1.00293
1.00293
1.00293
1.00293
1.00293
1.00293
1.00293
1.00294
1.00294
1.00294
1.00294
1.00294
1.00294
1.00294
1.00294
1.00294
1.00294
1.00294
1.00295
1.00295
1.00295
1.00295
1.00295
1.00295
1.00295
1.00295
1.00295
1.00295
1.00296
1.00296
1.00296
1.00296
1.00296
1.00296
1.00297
1.00297
1.00297
1.00297
1.00297
1.00297
1.00297
1.00297
1.00297
1.00297
1.00298
1.00298
1.00298
1.00298
1.00298
1.00298
1.00298
1.00298
1.00298
1.00299
1.00299
1.00299
1.00299
1.00299
1.00299
1.00299
1.003
1.003
1.003
1.003
1.003
1.003
1.003
1.003
1.003
1.00301
1.00301
1.00301
1.00301
1.00301
1.00302
1.00302
1.00302
1.00302
1.00302
1.00302
1.00302
1.00303
1.00303
1.00303
1.00303
1.00303
1.00303
1.00303
1.00303
1.00303
1.00303
1.00304
1.00304
1.00304
1.00304
1.00304
1.00304
1.00304
1.00304
1.00304
1.00305
1.00305
1.00305
1.00305
1.00306
1.00306
1.00306
1.00306
1.00306
1.00307
1.00307
1.00307
1.00307
1.00307
1.00307
1.00307
1.00308
1.00308
1.00308
1.00308
1.00308
1.00308
1.00308
1.00308
1.00308
1.00308
1.00308
1.00308
1.00309
1.00309
1.00309
1.00309
1.00309
1.0031
1.0031
1.0031
1.0031
1.0031
1.0031
1.00311
1.00311
1.00311
1.00311
1.00312
1.00312
1.00312
1.00312
1.00312
1.00312
1.00312
1.00312
1.00312
1.00312
1.00313
1.00313
1.00313
1.00313
1.00313
1.00313
1.00314
1.00314
1.00314
1.00314
1.00314
1.00314
1.00314
1.00314
1.00314
1.00315
1.00315
1.00315
1.00315
1.00315
1.00315
1.00315
1.00315
1.00316
1.00316
1.00316
1.00316
1.00316
1.00316
1.00316
1.00316
1.00316
1.00316
1.00316
1.00316
1.00316
1.00317
1.00317
1.00317
1.00317
1.00317
1.00317
1.00317
1.00318
1.00318
1.00318
1.00318
1.00318
1.00318
1.00319
1.00319
1.00319
1.00319
1.00319
1.00319
1.00319
1.00319
1.00319
1.0032
1.0032
1.0032
1.0032
1.00321
1.00321
1.00321
1.00321
1.00321
1.00321
1.00321
1.00321
1.00322
1.00322
1.00322
1.00322
1.00322
1.00322
1.00322
1.00322
1.00322
1.00322
1.00323
1.00323
1.00323
1.00323
1.00323
1.00323
1.00323
1.00323
1.00323
1.00324
1.00324
1.00324
1.00324
1.00324
1.00324
1.00324
1.00324
1.00324
1.00324
1.00324
1.00325
1.00325
1.00325
1.00325
1.00325
1.00325
1.00325
1.00326
1.00326
1.00326
1.00326
1.00326
1.00326
1.00326
1.00327
1.00327
1.00327
1.00327
1.00327
1.00327
1.00328
1.00328
1.00328
1.00328
1.00328
1.00328
1.00328
1.00328
1.00328
1.00328
1.00328
1.00329
1.00329
1.00329
1.00329
1.00329
1.00329
1.00329
1.0033
1.0033
1.0033
1.0033
1.0033
1.0033
1.00331
1.00331
1.00331
1.00331
1.00331
1.00331
1.00332
1.00332
1.00333
1.00333
1.00333
1.00334
1.00334
1.00334
1.00334
1.00334
1.00334
1.00334
1.00334
1.00334
1.00334
1.00335
1.00335
1.00335
1.00335
1.00335
1.00335
1.00336
1.00336
1.00336
1.00336
1.00336
1.00337
1.00337
1.00337
1.00337
1.00337
1.00337
1.00338
1.00338
1.00338
1.00338
1.00338
1.00338
1.00338
1.00338
1.00338
1.00338
1.00339
1.00339
1.00339
1.00339
1.00339
1.00339
1.0034
1.0034
1.0034
1.0034
1.0034
1.0034
1.0034
1.00341
1.00341
1.00342
1.00342
1.00342
1.00343
1.00343
1.00343
1.00343
1.00343
1.00343
1.00343
1.00344
1.00344
1.00344
1.00344
1.00345
1.00345
1.00345
1.00345
1.00345
1.00345
1.00345
1.00346
1.00346
1.00346
1.00346
1.00347
1.00347
1.00347
1.00347
1.00348
1.00348
1.00348
1.00348
1.00348
1.00348
1.00349
1.00349
1.00349
1.00349
1.00349
1.0035
1.0035
1.0035
1.0035
1.0035
1.0035
1.00351
1.00351
1.00351
1.00351
1.00351
1.00351
1.00351
1.00351
1.00351
1.00352
1.00352
1.00352
1.00353
1.00353
1.00353
1.00353
1.00353
1.00353
1.00354
1.00354
1.00354
1.00354
1.00354
1.00354
1.00354
1.00354
1.00355
1.00355
1.00355
1.00355
1.00355
1.00355
1.00355
1.00355
1.00355
1.00355
1.00356
1.00356
1.00356
1.00356
1.00356
1.00357
1.00357
1.00357
1.00357
1.00358
1.00358
1.00358
1.00359
1.00359
1.00359
1.00359
1.00359
1.00359
1.0036
1.0036
1.0036
1.0036
1.00361
1.00361
1.00361
1.00361
1.00361
1.00361
1.00362
1.00362
1.00362
1.00362
1.00362
1.00362
1.00363
1.00363
1.00363
1.00363
1.00363
1.00364
1.00364
1.00365
1.00365
1.00365
1.00365
1.00365
1.00366
1.00366
1.00366
1.00366
1.00366
1.00366
1.00367
1.00367
1.00367
1.00367
1.00368
1.00368
1.00368
1.00368
1.00368
1.00368
1.00369
1.00369
1.00369
1.00369
1.00369
1.00369
1.00369
1.0037
1.0037
1.0037
1.0037
1.0037
1.0037
1.0037
1.0037
1.0037
1.0037
1.0037
1.0037
1.0037
1.00371
1.00371
1.00371
1.00371
1.00372
1.00372
1.00372
1.00372
1.00372
1.00372
1.00372
1.00373
1.00373
1.00373
1.00373
1.00373
1.00373
1.00373
1.00374
1.00374
1.00374
1.00374
1.00374
1.00375
1.00375
1.00375
1.00376
1.00376
1.00376
1.00376
1.00376
1.00376
1.00377
1.00377
1.00377
1.00377
1.00378
1.00378
1.00378
1.00378
1.00378
1.00379
1.00379
1.0038
1.0038
1.0038
1.00381
1.00381
1.00381
1.00381
1.00382
1.00382
1.00383
1.00383
1.00384
1.00384
1.00384
1.00384
1.00385
1.00385
1.00385
1.00385
1.00385
1.00386
1.00386
1.00386
1.00386
1.00387
1.00387
1.00387
1.00388
1.00388
1.00388
1.00388
1.00388
1.00388
1.00389
1.00389
1.00389
1.00389
1.00389
1.00389
1.0039
1.0039
1.0039
1.0039
1.0039
1.0039
1.0039
1.0039
1.00391
1.00391
1.00391
1.00391
1.00391
1.00391
1.00391
1.00392
1.00392
1.00392
1.00393
1.00394
1.00394
1.00394
1.00394
1.00394
1.00394
1.00395
1.00395
1.00395
1.00395
1.00396
1.00396
1.00396
1.00396
1.00397
1.00397
1.00397
1.00397
1.00397
1.00397
1.00398
1.00398
1.00398
1.00399
1.00399
1.004
1.004
1.004
1.004
1.00401
1.00401
1.00401
1.00401
1.00402
1.00402
1.00402
1.00402
1.00403
1.00403
1.00403
1.00404
1.00404
1.00404
1.00404
1.00404
1.00404
1.00404
1.00405
1.00405
1.00405
1.00406
1.00406
1.00406
1.00406
1.00407
1.00407
1.00407
1.00407
1.00407
1.00408
1.00408
1.00408
1.00408
1.0041
1.0041
1.0041
1.00411
1.00411
1.00411
1.00411
1.00411
1.00411
1.00411
1.00412
1.00412
1.00412
1.00412
1.00413
1.00413
1.00413
1.00413
1.00413
1.00413
1.00413
1.00413
1.00413
1.00414
1.00414
1.00414
1.00414
1.00415
1.00415
1.00415
1.00415
1.00415
1.00415
1.00416
1.00416
1.00416
1.00417
1.00417
1.00418
1.00418
1.00418
1.00418
1.00419
1.00419
1.00419
1.00419
1.00419
1.00419
1.00419
1.00419
1.00419
1.00419
1.00419
1.0042
1.00421
1.00421
1.00422
1.00422
1.00423
1.00423
1.00423
1.00423
1.00423
1.00423
1.00424
1.00424
1.00424
1.00424
1.00424
1.00425
1.00425
1.00425
1.00426
1.00426
1.00426
1.00426
1.00426
1.00427
1.00427
1.00427
1.00427
1.00427
1.00427
1.00427
1.00428
1.00428
1.00428
1.00428
1.00428
1.00428
1.00428
1.00429
1.00429
1.00429
1.00429
1.00429
1.00429
1.00429
1.0043
1.0043
1.0043
1.00431
1.00431
1.00432
1.00432
1.00432
1.00432
1.00432
1.00432
1.00433
1.00433
1.00433
1.00434
1.00434
1.00434
1.00434
1.00434
1.00435
1.00435
1.00435
1.00435
1.00435
1.00435
1.00435
1.00437
1.00437
1.00437
1.00438
1.00438
1.00438
1.00438
1.00439
1.00439
1.0044
1.0044
1.00441
1.00441
1.00441
1.00441
1.00442
1.00442
1.00443
1.00443
1.00443
1.00443
1.00444
1.00444
1.00444
1.00444
1.00444
1.00444
1.00444
1.00445
1.00446
1.00446
1.00446
1.00447
1.00447
1.00447
1.00447
1.00448
1.00448
1.00448
1.00448
1.00448
1.0045
1.0045
1.0045
1.00451
1.00451
1.00451
1.00452
1.00452
1.00452
1.00453
1.00453
1.00453
1.00453
1.00453
1.00453
1.00453
1.00454
1.00454
1.00454
1.00454
1.00454
1.00455
1.00455
1.00455
1.00456
1.00456
1.00456
1.00456
1.00456
1.00457
1.00458
1.00458
1.00458
1.00458
1.00459
1.00459
1.0046
1.0046
1.0046
1.0046
1.00461
1.00461
1.00461
1.00462
1.00463
1.00463
1.00463
1.00464
1.00464
1.00464
1.00465
1.00465
1.00466
1.00466
1.00466
1.00467
1.00467
1.00467
1.00468
1.00468
1.00469
1.00469
1.0047
1.0047
1.0047
1.0047
1.0047
1.00471
1.00471
1.00471
1.00471
1.00472
1.00472
1.00472
1.00472
1.00472
1.00473
1.00473
1.00473
1.00474
1.00474
1.00475
1.00475
1.00475
1.00476
1.00476
1.00476
1.00476
1.00476
1.00476
1.00477
1.00477
1.00478
1.00478
1.00478
1.00479
1.00479
1.0048
1.0048
1.00481
1.00482
1.00482
1.00483
1.00484
1.00484
1.00484
1.00484
1.00485
1.00486
1.00487
1.00487
1.00487
1.00488
1.00488
1.00488
1.00489
1.00489
1.0049
1.0049
1.00491
1.00491
1.00491
1.00491
1.00492
1.00492
1.00492
1.00492
1.00492
1.00493
1.00493
1.00493
1.00493
1.00494
1.00494
1.00495
1.00495
1.00496
1.00496
1.00497
1.00497
1.00498
1.00498
1.00498
1.00499
1.00499
1.005
1.00501
1.00501
1.00502
1.00502
1.00503
1.00503
1.00503
1.00504
1.00504
1.00505
1.00505
1.00506
1.00506
1.00506
1.00506
1.00507
1.00508
1.0051
1.0051
1.00511
1.00513
1.00513
1.00513
1.00514
1.00515
1.00515
1.00515
1.00516
1.00517
1.00517
1.00518
1.00518
1.00519
1.00519
1.0052
1.0052
1.00521
1.00521
1.00521
1.00523
1.00524
1.00525
1.00525
1.00525
1.00526
1.00526
1.00526
1.00527
1.00527
1.00527
1.00528
1.00528
1.00531
1.00531
1.00531
1.00532
1.00533
1.00533
1.00535
1.00535
1.00536
1.00537
1.00537
1.00537
1.00537
1.00539
1.00539
1.00539
1.00539
1.0054
1.0054
1.00541
1.00542
1.00542
1.00542
1.00543
1.00544
1.00544
1.00544
1.00544
1.00544
1.00544
1.00545
1.00546
1.00548
1.00548
1.00549
1.00549
1.00549
1.0055
1.00552
1.00552
1.00555
1.00555
1.00555
1.00556
1.00556
1.00557
1.00557
1.00558
1.00558
1.00558
1.0056
1.0056
1.0056
1.00561
1.00561
1.00561
1.00561
1.00562
1.00563
1.00564
1.00564
1.00564
1.00566
1.00566
1.00568
1.00569
1.00569
1.00569
1.00571
1.00573
1.00574
1.00574
1.00575
1.00577
1.00577
1.00578
1.00578
1.00578
1.00579
1.0058
1.00581
1.00581
1.00581
1.00584
1.00584
1.00584
1.00585
1.00585
1.00587
1.00587
1.00587
1.00588
1.00589
1.0059
1.00592
1.00593
1.00594
1.00598
1.00599
1.00599
1.006
1.00603
1.00603
1.00606
1.00608
1.00609
1.0061
1.00612
1.00613
1.00616
1.00616
1.00618
1.00619
1.00621
1.00624
1.00625
1.00626
1.00627
1.00628
1.00629
1.00629
1.0063
1.00632
1.00633
1.00634
1.00634
1.00634
1.00638
1.00644
1.00644
1.00646
1.00647
1.00649
1.00651
1.00654
1.00654
1.00655
1.00658
1.00658
1.0066
1.00664
1.00665
1.00665
1.00665
1.00667
1.00668
1.00671
1.00672
1.00678
1.0068
1.00683
1.00686
1.00688
1.00688
1.0069
1.00692
1.00698
1.00698
1.00703
1.00706
1.0071
1.00711
1.00715
1.00717
1.00718
1.0072
1.00721
1.00721
1.00724
1.00733
1.00745
1.00748
1.00749
1.00752
1.00757
1.00769
1.00776
1.00802
1.00917
