0 0 6.222240480e-07
0 0 9.474867725e-07
0 0 5.678245305e-07
0 0 3.842199328e-07
0 0 9.834268782e-07
0 0 1.171341764e-07
0 0 2.567337346e-07
0 0 6.871448386e-07
0 0 4.752423635e-07
0 0 1.107926475e-07
0 0 5.237741011e-07
0 0 1.195458829e-07
0 0 9.027958788e-07
0 0 8.965581231e-07
0 0 4.823678302e-07
0 0 8.082049772e-08
0 0 3.056083695e-07
0 0 7.565943342e-07
0 0 5.846207570e-07
0 0 7.294536331e-07
0 0 4.412017121e-07
0 0 6.251108507e-07
0 0 2.405893270e-07
0 0 3.605186864e-07
0 0 3.372155279e-07
0 0 3.247893479e-07
0 0 7.747160634e-07
0 0 3.307419670e-07
0 0 6.408207446e-07
0 0 9.391075955e-07
0 0 8.307282320e-07
0 0 8.300608802e-07
0 0 9.344418620e-07
0 0 5.885192826e-07
0 0 7.277697013e-07
0 0 7.072930190e-07
0 0 2.936098665e-07
0 0 8.454636996e-07
0 0 4.765649303e-07
0 0 7.404165401e-07
0 0 7.519206615e-07
0 0 5.468984655e-07
0 0 3.841307813e-07
0 0 8.893439685e-07
0 0 1.446748545e-07
0 0 7.309408132e-07
0 0 9.178377844e-07
0 0 4.230262842e-07
0 0 3.454751138e-07
0 0 3.741455651e-07
0 0 3.280651874e-07
0 0 1.325313334e-07
0 0 6.391370482e-07
0 0 8.852174167e-07
0 0 6.856429764e-07
0 0 9.095814501e-07
0 0 1.804949889e-07
0 0 4.323577061e-07
0 0 8.734372107e-07
0 0 2.523805120e-08
0 0 8.274982674e-08
0 0 1.192398309e-07
0 0 6.022981546e-07
0 0 2.739064410e-07
0 0 4.791522898e-07
0 0 6.810046064e-07
0 0 3.411711921e-07
0 0 8.456151039e-07
0 0 9.686125853e-07
0 0 4.809258702e-07
0 0 6.750037900e-07
0 0 2.319351554e-08
0 0 6.363699217e-07
0 0 2.306534859e-07
0 0 3.237779003e-07
0 0 6.754748242e-07
0 0 3.032510927e-07
0 0 1.735367464e-07
0 0 5.539656716e-07
0 0 9.249857494e-07
0 0 7.505082337e-07
0 0 3.244193304e-07
0 0 3.617020523e-07
0 0 4.941166560e-07
0 0 6.550014449e-07
0 0 3.459019930e-07
0 0 5.907056084e-07
0 0 9.421372778e-07
0 0 5.035367138e-07
0 0 2.058622206e-07
0 0 5.966384780e-07
0 0 3.723393866e-07
0 0 8.044423529e-08
0 0 8.355667443e-07
0 0 3.993427021e-07
0 0 7.415668644e-07
0 0 1.698057768e-07
0 0 3.349893463e-07
0 0 9.304698368e-07
0 0 6.262869117e-08
0 0 7.603288442e-07
0 0 1.076526007e-07
0 0 4.793099659e-07
0 0 4.331870488e-07
0 0 2.322460843e-07
0 0 3.029120153e-07
0 0 1.252428104e-07
0 0 5.464590076e-07
0 0 5.498711742e-07
0 0 9.103223111e-07
0 0 7.864674151e-08
0 0 2.772950417e-07
0 0 5.441887963e-07
0 0 6.066531825e-07
0 0 5.789330475e-09
0 0 1.023140723e-07
0 0 8.999277551e-07
0 0 7.410895864e-07
0 0 4.141163472e-07
0 0 9.184601255e-08
0 0 5.328260502e-07
0 0 4.800224059e-07
0 0 5.943769272e-07
0 0 7.288374763e-07
0 0 6.469051074e-07
0 0 9.522101285e-07
0 0 9.016229391e-08
0 0 8.229375816e-07
0 0 9.637136310e-07
0 0 2.078539666e-07
0 0 9.976726060e-07
0 0 2.057622979e-07
0 0 8.108843139e-07
0 0 6.002673916e-07
0 0 6.077261439e-07
0 0 7.798108232e-07
0 0 9.455061740e-07
0 0 3.144460390e-07
0 0 5.660335539e-07
0 0 3.227472074e-07
0 0 6.734954053e-07
0 0 3.713938096e-07
0 0 3.392213427e-07
0 0 7.040539946e-07
0 0 9.646987746e-07
0 0 2.039289807e-07
0 0 7.544073357e-07
0 0 5.108496134e-07
0 0 7.408083119e-07
0 0 6.827161655e-07
0 0 6.037559828e-07
0 0 3.307216584e-07
0 0 6.886914014e-07
0 0 7.292864206e-07
0 0 5.693200250e-07
0 0 8.463115136e-07
0 0 8.680631234e-07
0 0 7.038712618e-07
0 0 4.991288437e-07
0 0 7.244228276e-08
0 0 7.080046367e-07
0 0 4.053823504e-07
0 0 5.286418353e-07
0 0 3.191412749e-08
0 0 7.932530032e-07
0 0 1.566295804e-07
0 0 7.904589709e-07
0 0 9.345708782e-07
0 0 5.910486126e-07
0 0 1.569408805e-07
0 0 4.176075833e-07
0 0 2.574132072e-07
0 0 8.737747523e-07
0 0 3.010125404e-07
0 0 8.744513723e-07
0 0 4.325709003e-07
0 0 3.683438046e-07
0 0 5.576880370e-08
0 0 7.536342638e-07
0 0 5.107170146e-07
0 0 6.448650518e-08
0 0 6.518399948e-07
0 0 9.378042783e-07
0 0 3.552567699e-07
0 0 5.302535531e-07
0 0 4.801803688e-07
0 0 2.592226144e-07
0 0 9.797631814e-07
0 0 2.016355888e-07
0 0 9.532776674e-07
0 0 1.012328923e-07
0 0 5.879155792e-07
0 0 4.095460106e-07
0 0 4.858857020e-07
0 0 4.268197456e-07
0 0 7.162935161e-07
0 0 1.171862818e-07
0 0 6.635595451e-07
0 0 6.477488226e-07
0 0 8.266224164e-07
0 0 8.588587940e-07
0 0 8.645781283e-07
0 0 6.424952081e-07
0 0 6.009756677e-07
0 0 2.081372189e-07
0 0 1.431494679e-07
0 0 2.919933673e-07
0 0 8.914031392e-07
0 0 1.103513137e-07
0 0 5.529892870e-07
0 0 9.342685871e-07
0 0 5.550909577e-07
0 0 9.401314760e-07
0 0 7.039612821e-07
0 0 2.503452992e-07
0 0 9.070444076e-07
0 0 5.404841939e-07
0 0 8.715143798e-07
0 0 9.628820439e-07
0 0 4.551441972e-07
0 0 2.392731892e-07
0 0 9.162316589e-07
0 0 6.959520166e-08
0 0 7.238280368e-07
0 0 1.091029000e-07
0 0 1.891006634e-07
0 0 2.813449694e-07
0 0 5.177280440e-07
0 0 7.205556143e-07
0 0 5.788616604e-07
0 0 7.222811963e-07
0 0 5.242058838e-07
0 0 3.273224243e-07
0 0 8.826821066e-07
0 0 6.406688395e-07
0 0 4.555495325e-07
0 0 6.910427324e-07
0 0 5.951721162e-07
0 0 6.495164216e-07
0 0 6.629158714e-07
0 0 9.754114885e-08
0 0 8.210992305e-07
0 0 3.112275376e-08
0 0 1.411289490e-07
0 0 2.262187437e-07
0 0 7.954062401e-07
0 0 7.806086144e-07
0 0 6.787564904e-07
0 0 2.678277974e-07
0 0 3.320150562e-07
0 0 9.200054295e-07
0 0 1.154439162e-07
0 0 1.389315263e-07
0 0 3.141433748e-07
0 0 9.682029832e-07
0 0 7.570481072e-07
0 0 7.209474178e-07
0 0 6.674830105e-07
0 0 9.174416988e-07
0 0 6.831453731e-07
0 0 5.396714360e-07
0 0 1.180259666e-07
0 0 5.349602536e-08
0 0 1.290751757e-08
0 0 3.530308576e-08
0 0 9.943277005e-07
0 0 1.630775049e-07
0 0 4.548815386e-07
0 0 1.960140685e-08
0 0 1.651353418e-07
0 0 4.532712921e-07
0 0 1.685582419e-08
0 0 7.045385943e-07
0 0 9.381867766e-07
0 0 9.854489643e-07
0 0 9.310893829e-07
0 0 1.816676446e-07
0 0 5.251015753e-07
0 0 2.008393060e-08
0 0 7.706959561e-07
0 0 6.559640922e-08
0 0 7.328218022e-07
0 0 7.926132329e-07
0 0 2.116191848e-07
0 0 5.014473000e-07
0 0 9.805714715e-07
0 0 7.993430696e-07
0 0 1.740424656e-07
0 0 1.905223510e-07
0 0 8.804118303e-08
0 0 7.211621948e-07
0 0 8.189202881e-07
0 0 3.702156773e-07
0 0 6.473815799e-07
0 0 2.465172840e-07
0 0 2.393435665e-07
0 0 4.769258866e-07
0 0 1.654102843e-07
0 0 5.665375134e-07
0 0 7.858776066e-07
0 0 4.677261303e-07
0 0 4.538437568e-07
0 0 2.664295417e-07
0 0 4.043544447e-07
0 0 1.775541554e-07
0 0 1.697455185e-07
0 0 6.261558619e-08
0 0 9.498410750e-07
0 0 8.620281549e-07
0 0 3.744518003e-07
0 0 2.535987773e-07
0 0 9.194065468e-07
0 0 7.550426462e-07
0 0 5.228586590e-07
0 0 7.989991888e-08
0 0 9.922121576e-07
0 0 4.611671312e-07
0 0 7.398282837e-07
0 0 5.759454902e-07
0 0 4.239687409e-07
0 0 2.622536427e-07
0 0 7.209071761e-07
0 0 9.260846716e-07
0 0 6.023717916e-07
0 0 9.526136566e-07
0 0 6.339382987e-07
0 0 4.011213105e-07
0 0 7.164480692e-07
0 0 2.171782859e-07
0 0 2.048625723e-07
0 0 8.968258409e-08
0 0 8.230249525e-07
0 0 1.161398244e-07
0 0 1.428768680e-09
0 0 7.617507983e-07
0 0 6.588102339e-07
0 0 3.869988608e-07
0 0 4.769509579e-08
0 0 2.706401512e-07
0 0 2.167227489e-07
0 0 6.608286846e-07
0 0 7.768152566e-07
0 0 9.723559743e-07
0 0 5.666925435e-07
0 0 6.902063970e-08
0 0 1.465310456e-07
0 0 1.122113719e-07
0 0 7.974943734e-07
0 0 3.414168038e-07
0 0 6.961099152e-07
0 0 4.996506827e-07
0 0 6.419762837e-07
0 0 9.953992615e-07
0 0 7.669216573e-09
0 0 9.220734073e-07
0 0 8.433723195e-07
0 0 4.936743898e-07
0 0 1.100314241e-07
0 0 9.685481188e-07
0 0 8.050532578e-07
0 0 4.535515629e-07
0 0 7.950857506e-07
0 0 5.087883706e-07
0 0 7.088824456e-07
0 0 8.440348191e-07
0 0 4.356786309e-07
0 0 2.217753511e-07
0 0 2.436346418e-08
0 0 2.312787766e-07
0 0 5.893014301e-07
0 0 8.628124580e-07
0 0 7.929860086e-07
0 0 8.413735526e-07
0 0 8.961385152e-07
0 0 8.796900257e-07
0 0 1.124434698e-08
0 0 5.210174038e-08
0 0 3.947513489e-07
0 0 6.414530157e-08
0 0 9.209543445e-07
0 0 9.204111833e-07
0 0 6.773793287e-07
0 0 3.205096596e-07
0 0 8.520332206e-07
0 0 2.068750508e-07
0 0 4.770209669e-07
0 0 7.878666501e-07
0 0 9.507280864e-07
0 0 5.443175085e-07
0 0 7.354984918e-07
0 0 4.977197291e-07
0 0 8.522795467e-07
0 0 2.815541161e-07
0 0 1.377373004e-07
0 0 8.627221167e-07
0 0 6.571336986e-07
0 0 1.501591979e-07
0 0 3.573358138e-07
0 0 9.366571483e-07
0 0 9.705215576e-07
0 0 8.680242162e-07
0 0 4.560863144e-07
0 0 2.915129364e-07
0 0 1.764514601e-07
0 0 6.060136837e-07
0 0 3.021472714e-07
0 0 7.187951759e-07
0 0 2.884242102e-07
0 0 6.631178936e-07
0 0 1.534554453e-07
0 0 1.059209324e-07
0 0 9.345658147e-07
0 0 5.722277259e-07
0 0 4.038949273e-07
0 0 7.483184585e-07
0 0 5.420016048e-07
0 0 9.825808500e-07
0 0 2.600059942e-07
0 0 3.156773781e-07
0 0 4.370033534e-07
0 0 5.673116964e-07
0 0 9.700748973e-07
0 0 3.911301120e-07
0 0 8.717299571e-07
0 0 3.200478361e-07
0 0 1.788827299e-07
0 0 8.629613975e-07
0 0 5.755902051e-07
0 0 3.289738689e-07
0 0 8.166348228e-08
0 0 6.054162287e-07
0 0 4.768707397e-08
0 0 7.113069913e-07
0 0 8.787821549e-07
0 0 1.654958188e-07
0 0 8.223232002e-07
0 0 8.643360921e-07
0 0 7.893548682e-07
0 0 1.677513653e-07
0 0 4.893958450e-07
0 0 9.112484849e-07
0 0 6.046603303e-07
0 0 4.748922765e-07
0 0 5.655498759e-07
0 0 1.370603715e-07
0 0 6.823080507e-08
0 0 6.104034976e-07
0 0 3.090363949e-07
0 0 5.043511822e-07
0 0 4.543179913e-07
0 0 1.302220099e-07
0 0 1.092926634e-07
0 0 9.361869603e-08
0 0 3.217885147e-07
0 0 2.476123007e-07
0 0 2.614529454e-07
0 0 6.030502608e-07
0 0 4.916672641e-07
0 0 5.340367702e-07
0 0 2.063911381e-07
0 0 4.032505597e-07
0 0 6.808084095e-08
0 0 1.320776310e-08
0 0 8.412467886e-07
0 0 4.074553509e-07
0 0 2.412352811e-07
0 0 5.115274824e-07
0 0 9.438623906e-07
0 0 9.563853002e-07
0 0 1.614442622e-07
0 0 7.692835790e-07
0 0 7.162995664e-07
0 0 4.729410568e-07
0 0 2.307172366e-08
0 0 9.183856785e-07
0 0 4.887206818e-09
0 0 7.095098835e-07
0 0 7.072062704e-07
0 0 4.574676633e-07
0 0 2.724643754e-07
0 0 7.775341176e-07
0 0 9.737550767e-07
0 0 6.853384983e-07
0 0 4.636464815e-07
0 0 4.874885972e-07
0 0 5.593506003e-07
0 0 6.726753792e-07
0 0 2.063085621e-07
0 0 5.699269514e-07
0 0 5.802034340e-07
0 0 8.404965985e-07
0 0 4.726782311e-07
0 0 3.556838167e-07
0 0 4.941797934e-08
0 0 8.859711190e-07
0 0 6.813140757e-07
0 0 2.958964055e-07
0 0 6.950896385e-07
0 0 1.554438111e-07
0 0 2.880212570e-07
0 0 8.709706175e-07
0 0 6.007004923e-07
0 0 4.584178929e-07
0 0 4.570745566e-07
0 0 8.142747982e-07
0 0 2.801558816e-07
0 0 4.220064146e-07
0 0 5.219981700e-07
0 0 9.716229014e-07
0 0 2.552115794e-07
0 0 4.955832473e-07
0 0 7.675329143e-07
0 0 5.922974015e-07
0 0 5.791985476e-07
0 0 3.041005787e-07
0 0 2.904460086e-07
0 0 9.821504398e-07
0 0 3.094736449e-07
0 0 4.910589468e-07
0 0 5.171551609e-07
0 0 7.628994574e-07
0 0 9.919061335e-07
0 0 8.119638352e-07
0 0 1.371818404e-07
0 0 7.119583144e-07
0 0 3.136260077e-07
0 0 8.050847774e-07
0 0 9.647099362e-07
0 0 9.847908198e-07
0 0 4.357053725e-07
0 0 2.768752166e-07
0 0 5.111371302e-07
0 0 4.604637116e-09
0 0 8.722653595e-07
0 0 1.365972903e-07
0 0 8.332983281e-07
0 0 5.204836409e-07
0 0 1.218654519e-08
0 0 5.252962956e-07
0 0 8.340616075e-08
0 0 9.467701492e-07
0 0 8.166082742e-07
0 0 7.027765647e-07
0 0 4.465093024e-07
0 0 7.047980670e-07
0 0 3.414256138e-07
0 0 1.257348703e-07
0 0 5.450618528e-07
0 0 3.735165530e-07
0 0 8.485279922e-07
0 0 2.958577504e-07
0 0 1.606092693e-07
0 0 1.523883591e-07
0 0 3.582342389e-07
0 0 6.505001723e-07
0 0 4.338811944e-07
0 0 1.668136738e-07
0 0 6.501567823e-07
0 0 8.289475825e-07
0 0 2.575128611e-07
0 0 7.003350178e-07
0 0 9.731187128e-07
0 0 4.782390904e-07
0 0 8.650830200e-07
0 0 8.031899741e-07
0 0 5.881889783e-07
0 0 5.321541097e-07
0 0 5.060645933e-07
0 0 1.063385143e-07
0 0 5.839983134e-08
0 0 7.104354447e-07
0 0 4.899193864e-07
0 0 9.556915946e-07
0 0 9.358008911e-07
0 0 9.647724870e-07
0 0 4.648964802e-07
0 0 8.491522732e-07
0 0 3.242495213e-07
0 0 5.445510374e-07
0 0 8.881518262e-09
0 0 9.257000199e-07
0 0 5.341347353e-07
0 0 7.852328758e-07
0 0 5.232886888e-08
0 0 6.368934214e-07
0 0 6.450437680e-07
0 0 6.880712362e-07
0 0 8.934647391e-07
0 0 1.264179237e-07
0 0 5.923691756e-07
0 0 8.625408598e-07
0 0 8.322885999e-08
0 0 9.302630293e-07
0 0 7.033448444e-07
0 0 5.911228650e-08
0 0 3.918168300e-07
0 0 5.258760762e-07
0 0 1.352113871e-07
0 0 2.747407983e-07
0 0 2.969799942e-07
0 0 9.676126902e-07
0 0 5.598239435e-07
0 0 3.353218403e-07
0 0 5.479352516e-07
0 0 9.894206928e-07
0 0 3.993288236e-07
0 0 8.485229715e-08
0 0 8.251757584e-07
0 0 5.244232290e-07
0 0 3.849345863e-07
0 0 9.334504530e-08
0 0 5.586393664e-07
0 0 5.228366576e-07
0 0 3.400555818e-07
0 0 9.960050367e-07
0 0 6.703989701e-07
0 0 9.394847225e-07
0 0 2.050474058e-07
0 0 8.242083015e-07
0 0 8.018800218e-07
0 0 4.879756890e-07
0 0 9.184366019e-07
0 0 4.794463791e-07
0 0 3.282182651e-07
0 0 8.733394841e-07
0 0 7.309002817e-07
0 0 1.709952818e-07
0 0 8.048416341e-07
0 0 7.215081430e-07
0 0 1.628737177e-07
0 0 5.616308327e-07
0 0 8.490705474e-07
0 0 1.536146286e-07
0 0 4.763094047e-07
0 0 1.156364384e-07
0 0 2.518941300e-07
0 0 2.712732958e-07
0 0 8.881079605e-08
0 0 5.594000563e-07
0 0 9.257797086e-07
0 0 1.868685944e-07
0 0 6.616516865e-07
0 0 2.941036553e-07
0 0 1.992699756e-07
0 0 2.855904572e-07
0 0 3.533433197e-07
0 0 8.269930849e-07
0 0 4.314746603e-07
0 0 5.112596478e-07
0 0 7.116353315e-07
0 0 1.373700201e-07
0 0 5.467710311e-08
0 0 9.875396016e-07
0 0 1.074923737e-07
0 0 9.933459696e-07
0 0 7.144918033e-07
0 0 3.292990305e-07
0 0 1.537455762e-07
0 0 1.385203306e-07
0 0 1.632903117e-07
0 0 6.402488670e-07
0 0 7.331618738e-07
0 0 9.964352006e-07
0 0 6.072664438e-07
0 0 2.986763551e-07
0 0 7.082194181e-07
0 0 9.212838904e-07
0 0 9.895306565e-08
0 0 4.299102294e-07
0 0 2.595012742e-07
0 0 9.461009164e-08
0 0 4.392905881e-07
0 0 3.669249563e-07
0 0 8.747528697e-07
0 0 4.644469389e-07
0 0 1.003798020e-07
0 0 8.006800336e-07
0 0 2.312002465e-07
0 0 7.791986635e-07
0 0 6.198914972e-07
0 0 9.257929807e-07
0 0 8.019159604e-07
0 0 9.570745977e-08
0 0 1.812160889e-07
0 0 5.360180387e-07
0 0 9.326170742e-07
0 0 5.403888748e-07
0 0 9.334933178e-07
0 0 6.945870195e-08
0 0 2.009205954e-08
0 0 9.689126298e-07
0 0 9.639841913e-07
0 0 3.859476928e-07
0 0 3.551184009e-07
0 0 8.580703068e-07
0 0 9.905111097e-07
0 0 3.628904067e-08
0 0 3.126073490e-07
0 0 3.354674028e-07
0 0 5.526442060e-07
0 0 3.118821227e-07
0 0 6.972042181e-09
0 0 2.350703818e-07
0 0 5.079551923e-07
0 0 6.844000007e-07
0 0 8.045296597e-07
0 0 5.152834474e-08
0 0 9.750544208e-07
0 0 9.805426713e-07
0 0 9.011926712e-07
0 0 1.163228580e-07
0 0 5.543027804e-07
0 0 7.236608859e-07
0 0 7.790354926e-07
0 0 1.910185282e-07
0 0 4.189515856e-07
0 0 8.819775884e-07
0 0 5.470607932e-07
0 0 8.583475805e-08
0 0 1.528693957e-07
0 0 1.457297957e-07
0 0 7.131051382e-07
0 0 6.937809633e-07
0 0 7.546490885e-07
0 0 8.213853365e-07
0 0 4.110583018e-07
0 0 5.604972901e-07
0 0 7.563240363e-07
0 0 5.637751896e-07
0 0 3.097953691e-07
0 0 9.259721050e-07
0 0 6.058035815e-07
0 0 3.326404575e-07
0 0 4.215742452e-07
0 0 9.228571924e-07
0 0 5.555206731e-07
0 0 8.927522782e-07
0 0 6.503569708e-07
0 0 4.779874778e-07
0 0 3.808173363e-07
0 0 1.161226757e-08
0 0 9.084112066e-08
0 0 4.914633780e-07
0 0 1.069315619e-07
0 0 1.218074662e-07
0 0 2.286642115e-07
0 0 3.164264255e-07
0 0 6.358488664e-07
0 0 7.492238445e-07
0 0 6.784116449e-07
0 0 7.123634071e-07
0 0 9.146008311e-07
0 0 1.767196902e-08
0 0 1.372091098e-07
0 0 4.606976483e-07
0 0 7.747833282e-07
0 0 1.166220751e-07
0 0 6.302299914e-08
0 0 9.180639583e-07
0 0 6.911869054e-07
0 0 6.960605149e-07
0 0 6.849130129e-07
0 0 7.466494603e-07
0 0 3.426296668e-07
0 0 2.469166463e-07
0 0 1.021168213e-07
0 0 1.716851249e-07
0 0 6.429904503e-07
0 0 1.515072065e-07
0 0 7.928800658e-07
0 0 2.629469782e-07
0 0 3.415866454e-07
0 0 5.288168757e-07
0 0 4.222528289e-08
0 0 4.250084068e-07
0 0 7.560988687e-07
0 0 5.619371338e-07
0 0 1.900889458e-07
0 0 6.496402222e-07
0 0 5.870316167e-07
0 0 9.538899886e-07
0 0 1.543828114e-07
0 0 2.469859875e-07
0 0 4.122848493e-08
0 0 8.477894376e-07
0 0 3.175893070e-07
0 0 7.707109714e-07
0 0 8.808753606e-07
0 0 6.777515333e-07
0 0 6.438228622e-07
0 0 9.926621454e-07
0 0 7.780114530e-08
0 0 8.715305576e-07
0 0 1.801132117e-08
0 0 7.462693870e-07
0 0 4.886661216e-07
0 0 2.017197163e-07
0 0 9.959524665e-07
0 0 7.758085915e-07
0 0 2.888237400e-08
0 0 1.597641051e-08
0 0 5.935865224e-07
0 0 7.680382278e-07
0 0 1.832855939e-07
0 0 5.815205345e-07
0 0 6.508540966e-07
0 0 4.650924610e-07
0 0 7.611250824e-07
0 0 3.336251765e-07
0 0 6.342559355e-08
0 0 1.779562322e-07
0 0 3.298726350e-07
0 0 9.554499933e-07
0 0 7.368158545e-07
0 0 6.209906993e-07
0 0 7.071293751e-07
0 0 7.720155342e-07
0 0 1.102362198e-07
0 0 8.376553975e-07
0 0 9.466927510e-08
0 0 3.225609714e-07
0 0 5.402946085e-07
0 0 7.683296289e-07
0 0 3.046779962e-08
0 0 5.821385613e-07
0 0 4.239722183e-09
0 0 3.152923776e-07
0 0 9.324443506e-07
0 0 4.909171566e-07
0 0 4.517785993e-08
0 0 2.669350725e-07
0 0 8.198534224e-07
0 0 3.073740994e-08
0 0 6.416253234e-07
0 0 3.359847016e-07
0 0 4.613110090e-07
0 0 9.623420769e-07
0 0 2.023195795e-07
0 0 3.410071088e-07
0 0 8.935864398e-07
0 0 1.957784079e-07
0 0 4.694199728e-07
0 0 7.561389374e-07
0 0 6.686563551e-07
0 0 4.948503847e-07
0 0 7.263660492e-07
0 0 2.667825933e-07
0 0 8.804250946e-07
0 0 5.552085295e-07
0 0 3.308802496e-08
0 0 4.509891617e-07
0 0 9.045497686e-07
0 0 2.101522583e-07
0 0 1.372076941e-07
0 0 7.344931724e-07
0 0 9.078666774e-07
0 0 1.103116444e-07
0 0 1.661244890e-08
0 0 1.911160205e-07
0 0 1.985633744e-07
0 0 5.973231124e-07
0 0 4.105702259e-07
0 0 5.616812308e-07
0 0 6.027448025e-07
0 0 8.041896266e-07
0 0 2.365660189e-07
0 0 8.398540974e-07
0 0 8.927629990e-07
0 0 4.772742069e-09
0 0 8.501724413e-07
0 0 1.530033585e-07
0 0 5.880930571e-07
0 0 7.324136376e-07
0 0 4.176895943e-07
0 0 1.384045687e-07
0 0 7.802993453e-08
0 0 2.206799556e-07
0 0 5.564623684e-07
0 0 9.583098227e-07
0 0 8.386422134e-07
0 0 5.196825613e-07
0 0 7.197961213e-07
0 0 7.113220750e-07
0 0 5.024576194e-07
0 0 8.560664396e-07
0 0 5.972675896e-07
0 0 8.220679965e-07
0 0 3.093589231e-08
0 0 9.661259922e-07
0 0 1.417730581e-07
0 0 6.941248219e-07
0 0 2.515198722e-07
0 0 1.853385602e-07
0 0 8.523991810e-07
0 0 6.529180576e-07
0 0 9.054370252e-07
0 0 4.369365479e-07
0 0 4.464270074e-07
0 0 4.007160820e-07
0 0 2.419437340e-07
0 0 1.849894213e-07
0 0 1.967296074e-07
0 0 2.464465529e-08
0 0 1.224909821e-07
0 0 2.107047816e-07
0 0 9.358979343e-07
0 0 3.552232605e-07
0 0 2.810669140e-07
0 0 9.427271903e-07
0 0 3.743537841e-07
0 0 4.866437474e-07
0 0 4.727432210e-07
0 0 6.033832665e-07
0 0 4.598876345e-07
0 0 7.321769279e-07
0 0 5.437419508e-07
0 0 4.384135039e-07
0 0 6.589391879e-08
0 0 7.700703224e-09
0 0 8.434107420e-07
0 0 6.915646744e-07
0 0 2.051756847e-07
0 0 4.713675497e-08
0 0 1.673388659e-08
0 0 9.451236520e-07
0 0 2.318241547e-07
0 0 1.325541609e-07
0 0 9.222644896e-07
0 0 2.830497404e-07
0 0 8.446833202e-08
0 0 1.102984567e-07
0 0 2.411501964e-07
0 0 8.576879237e-07
0 0 8.686572623e-07
0 0 3.659775817e-07
0 0 8.032570568e-08
0 0 6.574115000e-07
0 0 5.041629278e-07
0 0 4.770015452e-07
0 0 2.030902446e-07
0 0 1.886278564e-07
0 0 9.288161737e-07
0 0 9.484415394e-08
0 0 9.339252156e-08
0 0 4.382159035e-07
0 0 5.980590356e-08
0 0 9.901248178e-07
0 0 8.540157393e-07
0 0 2.287641633e-07
0 0 6.319705317e-07
0 0 5.861860872e-07
0 0 8.826270495e-07
0 0 6.010081400e-07
0 0 5.403399449e-07
0 0 1.342859066e-07
0 0 3.847980537e-07
0 0 8.519068577e-07
0 0 3.663881771e-07
0 0 2.812796825e-09
0 0 2.089741717e-07
0 0 3.631602379e-07
0 0 1.666827608e-07
0 0 7.647852301e-07
0 0 2.275415245e-07
0 0 9.418065366e-08
0 0 6.518771674e-08
0 0 2.706575791e-07
0 0 1.050771478e-07
0 0 5.013316731e-07
0 0 1.398817811e-07
0 0 1.310898226e-07
0 0 3.338505042e-07
0 0 2.992233369e-07
0 0 1.160649289e-07
0 0 8.923539765e-08
0 0 5.716982513e-07
0 0 6.110414581e-07
0 0 7.845174235e-07
0 0 6.146170164e-07
0 0 5.981324000e-07
0 0 6.929836979e-08
0 0 3.212940426e-07
0 0 9.296697257e-07
0 0 6.488506651e-07
0 0 3.742472195e-07
0 0 3.651230796e-07
0 0 9.126292775e-07
0 0 5.809145172e-07
0 0 1.480015139e-07
0 0 1.773096597e-07
0 0 4.101220631e-07
0 0 2.152651434e-07
0 0 6.746831169e-07
0 0 9.688103510e-08
0 0 7.758472375e-07
0 0 4.263928481e-07
0 0 9.386099512e-07
0 0 4.216513275e-07
0 0 4.684627046e-07
0 0 3.035266751e-08
0 0 2.903271686e-07
0 0 3.736924418e-07
0 0 1.078229806e-07
0 0 5.760831688e-07
0 0 5.200390198e-07
0 0 8.174219972e-07
0 0 4.558586475e-07
0 0 7.401571140e-07
0 0 9.772897752e-07
0 0 8.423531576e-07
0 0 8.933211198e-08
0 0 3.211617586e-07
0 0 8.460805617e-07
0 0 9.983984983e-07
0 0 9.338544056e-07
0 0 2.325385421e-08
0 0 8.854811480e-07
0 0 3.971211169e-07
0 0 9.796976839e-07
0 0 3.199519634e-08
0 0 5.228748423e-07
0 0 9.099180593e-07
0 0 3.833981201e-07
0 0 2.025742615e-07
0 0 1.053963491e-07
0 0 2.780944698e-07
0 0 5.605287419e-07
0 0 3.717457869e-07
0 0 2.439597058e-07
0 0 7.043602061e-07
0 0 7.349686194e-07
0 0 4.259794508e-07
0 0 7.946844252e-07
0 0 7.668692170e-07
0 0 2.734984615e-07
0 0 6.805162636e-07
0 0 4.298237607e-07
0 0 5.493169957e-07
0 0 3.824920145e-07
0 0 2.718860704e-07
0 0 3.558100145e-07
0 0 5.590650290e-07
0 0 6.508561182e-07
0 0 6.964275776e-07
0 0 7.603963925e-07
0 0 9.065065409e-07
0 0 3.127999395e-07
0 0 3.221418940e-07
0 0 2.744459420e-07
0 0 7.002108327e-09
0 0 5.801216690e-07
0 0 8.962164354e-07
0 0 5.188278247e-07
0 0 4.620747783e-07
0 0 3.561055973e-07
0 0 8.761865782e-07
0 0 9.830636739e-07
0 0 4.865793501e-07
0 0 2.749555500e-07
0 0 5.406158827e-07
0 0 2.660801495e-07
0 0 8.549761787e-07
0 0 7.389390479e-07
0 0 3.357379420e-07
0 0 9.112610321e-07
0 0 3.788543740e-07
0 0 4.384048486e-07
0 0 7.058419802e-07
0 0 7.022431287e-07
0 0 1.532271036e-07
0 0 5.071422501e-08
0 0 4.888403230e-07
0 0 2.792227546e-07
0 0 6.775407019e-07
0 0 9.295845241e-08
0 0 3.731764205e-09
0 0 1.656966233e-07
0 0 8.414934936e-07
0 0 1.512538417e-07
0 0 7.611467384e-08
0 0 9.039045789e-07
0 0 3.515242589e-07
0 0 6.523566111e-07
0 0 3.135496696e-08
0 0 6.579034383e-07
0 0 6.530715158e-07
0 0 8.211205338e-07
0 0 9.092367677e-07
0 0 2.072807704e-07
0 0 2.697008728e-07
0 0 6.680249883e-07
0 0 5.642403719e-07
0 0 8.475361778e-07
0 0 1.241507828e-07
0 0 1.766440214e-07
0 0 7.147730572e-08
0 0 3.946490145e-07
0 0 3.029152598e-08
0 0 8.073887319e-07
0 0 4.483803851e-07
0 0 5.083912683e-07
0 0 1.002720145e-07
0 0 1.820865434e-07
0 0 1.128023507e-07
0 0 2.478871664e-08
0 0 3.917877866e-07
0 0 1.317215371e-07
0 0 9.946786379e-07
0 0 5.482203373e-07
0 0 1.920071021e-07
0 0 6.310655559e-07
0 0 1.233099570e-07
0 0 3.204178203e-07
0 0 9.979065402e-07
0 0 1.249013217e-07
0 0 9.703817099e-07
0 0 6.436722742e-07
0 0 1.668195243e-07
0 0 1.372609970e-07
0 0 2.212730032e-07
0 0 8.695890833e-08
0 0 2.764482977e-07
0 0 9.898379758e-08
0 0 1.768718674e-07
0 0 9.985181549e-07
0 0 8.562826690e-07
0 0 5.973192237e-07
0 0 3.498380255e-07
0 0 5.239408689e-07
0 0 8.965483742e-07
0 0 7.342666028e-07
0 0 9.533489809e-07
0 0 6.759894843e-07
0 0 8.161089457e-07
0 0 6.832820172e-07
0 0 1.389829416e-07
0 0 1.196162683e-07
0 0 3.749383481e-07
0 0 6.738746544e-07
0 0 7.474035368e-07
0 0 8.315959807e-07
0 0 1.249244799e-07
0 0 8.065902247e-07
0 0 4.295214269e-08
0 0 8.538108708e-07
0 0 6.998833453e-07
0 0 3.346999060e-07
0 0 7.026056995e-07
0 0 8.374933045e-07
0 0 4.714974056e-07
0 0 4.328663328e-07
0 0 8.110259652e-07
0 0 3.177438731e-07
0 0 7.439694678e-07
0 0 6.145751889e-07
0 0 7.948101437e-08
0 0 9.752840975e-08
0 0 5.622149927e-07
0 0 9.594197481e-07
0 0 1.630931537e-07
0 0 1.834033406e-07
0 0 6.571975361e-08
0 0 1.920398937e-07
0 0 2.424691174e-07
0 0 7.299868423e-08
0 0 3.703868115e-07
0 0 2.668035344e-07
0 0 5.046358411e-09
0 0 4.643135616e-07
0 0 7.436323506e-07
0 0 1.871544534e-07
0 0 9.648985899e-07
0 0 1.190273798e-07
0 0 9.129547320e-07
0 0 2.284255441e-07
0 0 6.152317328e-08
0 0 1.481885306e-07
0 0 1.912661282e-07
0 0 1.296503013e-07
0 0 9.943905229e-07
0 0 8.847684891e-07
0 0 3.337768738e-07
0 0 3.241767262e-07
0 0 6.643609032e-07
0 0 6.224233418e-07
0 0 7.039194137e-07
0 0 6.759279037e-07
0 0 7.758978437e-07
0 0 5.825646149e-07
0 0 7.192204901e-07
0 0 1.925103619e-07
0 0 5.984836634e-07
0 0 3.445658541e-07
0 0 9.709955267e-07
0 0 6.553283528e-07
0 0 5.108101816e-07
0 0 4.518513201e-07
0 0 7.113015012e-07
0 0 3.228267739e-07
0 0 8.266864148e-07
0 0 6.995760878e-07
0 0 7.808855513e-07
0 0 2.731580453e-07
0 0 9.089508769e-07
0 0 4.707525773e-07
0 0 8.008239779e-07
0 0 4.255355875e-07
0 0 7.682485341e-07
0 0 6.038814755e-07
0 0 7.210747759e-07
0 0 9.819569787e-07
0 0 3.573652298e-07
0 0 9.723157443e-07
0 0 5.398592516e-07
0 0 9.712206983e-07
0 0 3.107842400e-07
0 0 4.735802818e-07
0 0 5.603190437e-07
0 0 5.953422061e-07
0 0 8.354814801e-07
0 0 3.543328806e-07
0 0 3.643277689e-07
0 0 6.167036563e-08
0 0 8.214486026e-07
0 0 3.128494177e-07
0 0 6.513522811e-07
0 0 5.026155712e-07
0 0 7.280821655e-08
0 0 7.384190209e-07
0 0 5.704385551e-07
0 0 4.404876731e-07
0 0 7.920976482e-07
0 0 8.425107223e-07
0 0 7.959677511e-07
0 0 6.896478379e-07
0 0 1.647995046e-08
0 0 2.739406278e-07
0 0 7.023547807e-07
0 0 4.987084571e-07
0 0 8.704219003e-08
0 0 6.088985049e-07
0 0 6.545949214e-07
0 0 6.916479078e-07
0 0 1.143714430e-07
0 0 7.309564927e-07
0 0 3.821108371e-07
0 0 7.169002234e-07
0 0 6.436116401e-08
0 0 7.716032958e-08
0 0 6.332364857e-07
0 0 4.416768046e-07
0 0 9.630031963e-07
0 0 1.670343966e-07
0 0 8.455553667e-07
0 0 9.731793903e-07
0 0 2.345264773e-07
0 0 2.431959486e-07
0 0 1.978192630e-07
0 0 1.166767935e-07
0 0 1.560387659e-07
0 0 6.569270867e-07
0 0 9.638805408e-07
0 0 3.501147399e-07
0 0 3.767622691e-07
0 0 4.213385840e-07
0 0 7.714054789e-07
0 0 4.062914203e-08
0 0 1.591058127e-07
0 0 2.848998153e-07
0 0 2.902066842e-07
0 0 6.648068532e-07
0 0 4.929176624e-07
0 0 6.347651934e-07
0 0 2.733837153e-07
0 0 6.056348119e-07
0 0 3.196079046e-08
0 0 7.553265261e-07
0 0 3.819271913e-07
0 0 6.269860278e-08
0 0 1.463207336e-07
0 0 9.348690386e-07
0 0 4.153005671e-07
0 0 3.507619909e-07
0 0 5.439027959e-07
0 0 6.219039360e-07
0 0 9.340565846e-07
0 0 6.540962092e-07
0 0 6.924059834e-07
0 0 8.809325873e-08
0 0 8.499152699e-07
0 0 6.628897478e-07
0 0 9.507801997e-07
0 0 7.824656792e-07
0 0 6.811910955e-08
0 0 5.030209484e-07
0 0 2.256172540e-07
0 0 3.790918320e-07
0 0 4.229599360e-07
0 0 9.937794394e-07
0 0 1.288629947e-08
0 0 6.679475114e-07
0 0 5.910797788e-07
0 0 5.460897971e-07
0 0 2.565848789e-08
0 0 4.838356890e-07
0 0 4.755890628e-07
0 0 8.022618468e-07
0 0 8.498729173e-07
0 0 5.155054429e-07
0 0 5.060934091e-07
0 0 1.271038062e-07
0 0 2.253440600e-07
0 0 3.184747469e-07
0 0 6.142625680e-07
0 0 5.847021585e-07
0 0 8.749835844e-07
0 0 7.489113092e-07
0 0 7.898562359e-07
0 0 1.982498955e-07
0 0 3.403340134e-07
0 0 8.432309705e-07
0 0 9.056356635e-07
0 0 1.038186891e-07
0 0 4.476899292e-08
0 0 9.538360310e-07
0 0 1.995927660e-07
0 0 5.298964702e-07
0 0 6.712911063e-07
0 0 1.036724141e-08
0 0 4.447376101e-07
0 0 6.543819996e-07
0 0 4.390821848e-07
0 0 3.655000676e-07
0 0 8.271481203e-07
0 0 5.238152260e-07
0 0 7.985755928e-07
0 0 3.006345362e-07
0 0 7.291210890e-07
0 0 8.921767122e-07
0 0 8.971982556e-07
0 0 6.607845213e-07
0 0 3.381116613e-09
0 0 9.960264172e-07
0 0 3.280396218e-07
0 0 6.526147006e-07
0 0 8.108274050e-07
0 0 9.882907501e-07
0 0 7.689928403e-07
0 0 5.604628988e-07
0 0 2.867553312e-07
0 0 7.378922232e-07
0 0 7.822144217e-07
0 0 2.818774213e-07
0 0 6.322245265e-08
0 0 1.384062807e-07
0 0 8.410190219e-07
0 0 4.476582724e-08
0 0 6.483275989e-07
0 0 6.667927999e-07
0 0 4.722706845e-07
0 0 4.132555747e-07
0 0 8.969057390e-07
0 0 2.495345226e-07
0 0 3.044410184e-07
0 0 2.704796425e-07
0 0 2.739180893e-07
0 0 8.241849791e-07
0 0 3.385342500e-07
0 0 4.768760252e-07
0 0 3.013452826e-07
0 0 2.400066432e-08
0 0 9.916045378e-07
0 0 1.147526934e-08
0 0 3.639489399e-07
0 0 9.167224748e-07
0 0 8.053842887e-07
0 0 6.417840290e-07
0 0 6.533403404e-07
0 0 7.630940026e-07
0 0 5.290011128e-07
0 0 2.697650304e-07
0 0 8.188762216e-07
0 0 6.052324571e-07
0 0 6.873520773e-07
0 0 6.336086740e-07
0 0 3.618728195e-07
0 0 1.826232700e-07
0 0 7.336975461e-07
0 0 6.510193334e-07
0 0 2.374848253e-07
0 0 1.308087954e-07
0 0 6.382972835e-07
0 0 9.589472641e-07
0 0 3.665353081e-07
0 0 1.547753631e-07
0 0 8.079821120e-07
0 0 5.190323740e-07
0 0 2.947008385e-07
0 0 6.475375808e-07
0 0 8.192561332e-07
0 0 7.419694883e-07
0 0 6.372072032e-07
0 0 9.608458880e-07
0 0 9.518327149e-07
0 0 8.727915942e-08
0 0 9.015744183e-07
0 0 8.573514809e-07
0 0 4.976175144e-07
0 0 9.256293522e-07
0 0 2.188563195e-07
0 0 7.191839012e-07
0 0 6.132283985e-07
0 0 8.480093542e-07
0 0 4.800209647e-07
0 0 1.874381191e-07
0 0 4.339540152e-07
0 0 3.733178384e-08
0 0 6.333506274e-08
0 0 8.930752264e-07
0 0 5.776915821e-07
0 0 2.662893884e-07
0 0 2.310118184e-07
0 0 3.431392115e-07
0 0 3.879497812e-07
0 0 5.294949259e-07
0 0 4.347238801e-07
0 0 5.880529477e-07
0 0 7.629806389e-07
0 0 6.159231509e-07
0 0 4.675402080e-07
0 0 4.653397167e-07
0 0 8.833686008e-07
0 0 4.464667466e-07
0 0 9.819398976e-07
0 0 7.646903812e-07
0 0 9.617346287e-07
0 0 1.917272935e-07
0 0 3.655853872e-07
0 0 4.836426223e-07
0 0 6.797484635e-07
0 0 3.593018679e-07
0 0 5.314966352e-07
0 0 5.416898895e-07
0 0 1.106486311e-07
0 0 6.347857724e-07
0 0 3.514170502e-07
0 0 3.193021389e-07
0 0 3.155169143e-07
0 0 5.801320838e-07
0 0 7.478399803e-07
0 0 1.865370250e-08
0 0 7.467964800e-08
0 0 7.026506817e-07
0 0 1.712285058e-07
0 0 6.792933670e-08
0 0 7.766431543e-07
0 0 1.969285459e-07
0 0 5.038771947e-07
0 0 6.467512345e-07
0 0 2.836454661e-07
0 0 1.005211971e-07
0 0 4.385051413e-07
0 0 5.029910455e-07
0 0 8.244524092e-07
0 0 1.702425078e-07
0 0 2.873911981e-07
0 0 8.168905230e-07
0 0 9.252499788e-07
0 0 1.402522352e-07
0 0 1.290931254e-07
0 0 2.422387564e-07
0 0 3.429052842e-07
0 0 6.642699338e-07
0 0 2.127037422e-07
0 0 6.503614407e-07
0 0 5.991165999e-07
0 0 6.875402522e-08
0 0 9.331794608e-07
0 0 6.250705866e-08
0 0 5.426389398e-07
0 0 6.711612995e-08
0 0 8.246334638e-07
0 0 8.941227407e-07
0 0 8.105920744e-08
0 0 5.356751131e-07
0 0 9.017825785e-07
0 0 2.932809779e-07
0 0 7.868294203e-07
0 0 4.296867400e-07
0 0 4.605428137e-07
0 0 4.351413629e-07
0 0 6.228077653e-07
0 0 6.252358868e-07
0 0 3.216374934e-07
0 0 3.925724650e-08
0 0 3.163453741e-07
0 0 8.756051388e-07
0 0 8.770151838e-07
0 0 8.183569919e-07
0 0 9.540981520e-07
0 0 5.954176189e-07
0 0 2.929052911e-07
0 0 2.843802607e-07
0 0 9.267208748e-07
0 0 4.876255597e-07
0 0 7.330007111e-07
0 0 6.935275269e-07
0 0 6.408927896e-07
0 0 8.232238747e-07
0 0 5.146232607e-08
0 0 7.073570679e-07
0 0 2.599845771e-07
0 0 6.049514151e-07
0 0 5.738594399e-07
0 0 4.915147065e-07
0 0 1.673261517e-07
0 0 9.761045037e-07
0 0 7.215682743e-08
0 0 6.300846975e-07
0 0 9.425456647e-07
0 0 9.280815307e-07
0 0 8.305553936e-07
0 0 2.524123785e-07
0 0 4.295029561e-07
0 0 7.450758219e-09
0 0 8.615541534e-08
0 0 4.351175953e-07
0 0 8.453458232e-08
0 0 5.285108759e-07
0 0 9.206295752e-07
0 0 1.700065296e-07
0 0 4.968398792e-07
0 0 7.350304445e-07
0 0 1.927014595e-07
0 0 8.549110183e-07
0 0 5.681309418e-07
0 0 7.159915886e-07
0 0 5.035548524e-07
0 0 4.770208206e-07
0 0 5.974660226e-07
0 0 2.754660408e-07
0 0 3.061046671e-07
0 0 4.282206978e-07
0 0 2.876932865e-07
0 0 4.056061188e-07
0 0 8.636912137e-07
0 0 4.530583807e-07
0 0 4.160448992e-07
0 0 9.390270585e-07
0 0 6.497489754e-07
0 0 3.040072957e-07
0 0 2.292735481e-07
0 0 4.929755500e-07
0 0 7.694981471e-07
0 0 3.221057033e-07
0 0 5.840981826e-07
0 0 3.000711205e-07
0 0 3.933044762e-07
0 0 6.589411053e-07
0 0 4.606644137e-07
0 0 6.559788606e-07
0 0 3.435677913e-07
0 0 3.003387989e-07
0 0 9.660605018e-07
0 0 9.686168110e-07
0 0 1.999720681e-08
0 0 2.409679490e-08
0 0 1.897652036e-07
0 0 4.771819708e-07
0 0 4.963183084e-07
0 0 9.251339759e-07
0 0 5.127264663e-07
0 0 4.592309191e-07
0 0 2.701535092e-08
0 0 2.110476540e-07
0 0 4.030644172e-07
0 0 8.302637722e-07
0 0 5.032544640e-07
0 0 7.647583216e-07
0 0 5.779905160e-07
0 0 4.412086553e-07
0 0 8.502679725e-07
0 0 2.367564248e-07
0 0 3.879341933e-07
0 0 5.804478933e-07
0 0 2.600911547e-07
0 0 1.740079160e-07
0 0 9.570544631e-07
0 0 5.814187629e-07
0 0 7.157088908e-07
0 0 7.893152360e-07
0 0 7.639249561e-07
0 0 2.657367774e-07
0 0 6.992042488e-07
0 0 1.389869317e-07
0 0 3.986397317e-07
0 0 3.385978109e-07
0 0 6.594748148e-08
0 0 5.123217152e-07
0 0 8.067561356e-07
0 0 7.125162161e-07
0 0 8.910784143e-07
0 0 1.296970116e-07
0 0 9.652667696e-07
0 0 8.453411219e-07
0 0 1.201682493e-07
0 0 6.290659913e-07
0 0 4.298013964e-07
0 0 8.213822117e-07
0 0 2.867671194e-08
0 0 1.988608275e-07
0 0 5.056010148e-08
0 0 7.789610158e-07
0 0 8.167335396e-07
0 0 2.491422950e-07
0 0 9.110765970e-07
0 0 6.731263660e-07
0 0 6.348315768e-07
0 0 8.532413898e-08
0 0 2.218952338e-07
0 0 2.302544937e-07
0 0 5.567799695e-07
0 0 6.040261467e-07
0 0 4.589610632e-07
0 0 8.877128447e-07
0 0 8.312813311e-07
0 0 5.495670982e-07
0 0 3.887122172e-07
0 0 5.792666854e-08
0 0 1.290038744e-07
0 0 2.180289560e-07
0 0 6.273435680e-07
0 0 3.258732781e-07
0 0 3.663458944e-07
0 0 7.685691524e-07
0 0 6.857905966e-07
0 0 2.857925904e-07
0 0 8.356068108e-08
0 0 2.334200896e-07
0 0 5.868542093e-07
0 0 2.550177197e-08
0 0 4.480011323e-07
0 0 4.046130606e-08
0 0 1.844575099e-07
0 0 2.671005715e-07
0 0 9.590658213e-07
0 0 3.233083959e-07
0 0 2.087360275e-07
0 0 3.239615968e-07
0 0 2.212023811e-09
0 0 5.973996414e-07
0 0 6.534824054e-08
0 0 7.513381213e-07
0 0 3.551509202e-07
0 0 2.292927580e-07
0 0 1.619977731e-09
0 0 4.307120224e-07
0 0 6.925240527e-07
0 0 6.499104766e-07
0 0 7.196540328e-07
0 0 6.792973027e-07
0 0 5.807279657e-07
0 0 7.545313586e-07
0 0 7.718222787e-07
0 0 9.210952336e-07
0 0 3.202042933e-07
0 0 3.013024406e-07
0 0 2.993211720e-07
0 0 7.048870531e-07
0 0 6.404809540e-07
0 0 7.842437340e-07
0 0 3.181780693e-07
0 0 3.040833980e-07
0 0 7.245572048e-07
0 0 9.546648639e-08
0 0 9.189218663e-07
0 0 3.085307327e-09
0 0 7.176538661e-07
0 0 6.988764230e-07
0 0 4.152411544e-07
0 0 6.117169669e-07
0 0 9.401458414e-07
0 0 3.487040217e-07
0 0 9.453357977e-07
0 0 1.064988915e-07
0 0 8.077135761e-07
0 0 6.925614607e-07
0 0 9.673668319e-07
0 0 2.361147540e-07
0 0 4.196298101e-07
0 0 6.490543622e-07
0 0 1.732513327e-07
0 0 2.350895350e-07
0 0 7.425731859e-07
0 0 3.963350348e-08
0 0 4.606778965e-07
0 0 7.495705716e-07
0 0 1.783557857e-07
0 0 9.584188635e-07
0 0 2.550548456e-07
0 0 3.129972779e-08
0 0 4.776943625e-07
0 0 5.460822396e-07
0 0 4.749308920e-07
0 0 3.054665717e-07
0 0 9.129528232e-07
0 0 4.098369089e-07
0 0 7.006759835e-07
0 0 7.151180587e-07
0 0 4.723064258e-07
0 0 4.907669098e-07
0 0 7.341380898e-07
0 0 9.525640096e-07
0 0 2.689038310e-07
0 0 9.716912811e-07
0 0 2.857650051e-07
0 0 6.858524281e-09
0 0 6.360723946e-08
0 0 7.571871058e-07
0 0 5.034203209e-07
0 0 2.931645110e-07
0 0 5.473412487e-07
0 0 1.790676321e-07
0 0 3.465886437e-07
0 0 9.619968302e-08
0 0 5.738415862e-08
0 0 9.356703790e-07
0 0 4.422080811e-07
0 0 1.214004552e-07
0 0 9.409404249e-08
0 0 6.117835801e-07
0 0 2.737647458e-07
0 0 7.240271983e-07
0 0 2.359794274e-07
0 0 5.401613317e-07
0 0 5.119895643e-07
0 0 1.823262361e-07
0 0 5.892844356e-07
0 0 7.339101595e-07
0 0 8.643435589e-07
0 0 3.276625804e-07
0 0 4.753321533e-07
0 0 4.995948429e-07
0 0 1.786713777e-07
0 0 5.483617739e-07
0 0 8.650762334e-07
0 0 8.465654475e-08
0 0 7.892954322e-07
0 0 8.655870453e-07
0 0 3.177502948e-07
0 0 2.632821254e-07
0 0 1.590123319e-07
0 0 8.022934326e-07
0 0 8.636226497e-07
0 0 2.869098323e-07
0 0 5.136137165e-07
0 0 6.021473793e-07
0 0 6.562622219e-07
0 0 6.956765944e-07
0 0 1.493945987e-07
0 0 1.717430350e-07
0 0 7.540843246e-07
0 0 5.950599693e-08
0 0 9.868417280e-07
0 0 7.500900050e-07
0 0 9.755806297e-07
0 0 3.907821447e-07
0 0 6.556088525e-07
0 0 6.448981830e-09
0 0 4.823504350e-07
0 0 3.590490044e-07
0 0 3.648033144e-08
0 0 7.927485248e-07
0 0 7.634719917e-07
0 0 4.527772277e-07
0 0 7.987964651e-07
0 0 7.442076922e-07
0 0 9.383911958e-07
0 0 3.941968011e-07
0 0 8.767724427e-07
0 0 4.212701655e-07
0 0 8.104776448e-07
0 0 1.187626011e-07
0 0 2.567968488e-07
0 0 4.730602699e-07
0 0 5.870913924e-07
0 0 3.156163794e-07
0 0 4.902612370e-08
0 0 5.443640471e-07
0 0 7.344988089e-07
0 0 1.480466468e-07
0 0 5.933769684e-07
0 0 2.582273967e-07
0 0 4.718485640e-07
0 0 2.802792914e-08
0 0 9.923327980e-07
0 0 6.984380910e-08
0 0 3.127700758e-07
0 0 4.931561235e-07
0 0 3.021707118e-07
0 0 4.226109280e-07
0 0 5.737940496e-07
0 0 4.139021763e-07
0 0 3.281231131e-07
0 0 8.439719083e-07
0 0 8.577998478e-07
0 0 7.060509010e-07
0 0 5.472828951e-07
0 0 4.475293745e-07
0 0 1.203223369e-07
0 0 1.803629939e-07
0 0 7.982259525e-07
0 0 9.123865170e-07
0 0 3.154635890e-07
0 0 7.980733678e-07
0 0 9.627654568e-08
0 0 2.179180332e-07
0 0 1.579320653e-07
0 0 7.925474255e-07
0 0 4.349276626e-07
0 0 8.531800924e-07
0 0 1.649355598e-07
0 0 3.430130897e-07
0 0 8.953941377e-07
0 0 9.546526914e-07
0 0 9.697304725e-07
0 0 3.955955204e-07
0 0 1.209782454e-07
0 0 6.849613205e-07
0 0 7.481896995e-07
0 0 7.359961135e-08
0 0 7.940197633e-07
0 0 2.156505954e-07
0 0 5.668799398e-07
0 0 4.230071747e-07
0 0 1.057862631e-07
0 0 4.244728213e-07
0 0 2.801925299e-07
0 0 1.614103516e-07
0 0 2.795390723e-07
0 0 5.946283765e-07
0 0 9.130894434e-07
0 0 3.219837486e-07
0 0 1.329277862e-07
0 0 4.286995315e-07
0 0 4.084344883e-07
0 0 2.157389174e-07
0 0 8.672654837e-07
0 0 5.307902056e-07
0 0 6.729325501e-07
0 0 2.207143466e-07
0 0 7.177162539e-07
0 0 8.781174994e-07
0 0 5.272239805e-07
0 0 7.318623085e-08
0 0 6.401665240e-07
0 0 5.879276501e-07
0 0 7.781694948e-07
0 0 5.263809999e-07
0 0 8.106189179e-07
0 0 4.157024081e-07
0 0 5.929449624e-09
0 0 3.739929858e-08
0 0 2.266592889e-07
0 0 3.880751438e-07
0 0 9.925451550e-07
0 0 4.592595703e-07
0 0 2.845457915e-07
0 0 5.426561249e-07
0 0 3.409000042e-07
0 0 3.161110001e-08
0 0 4.461692503e-07
0 0 7.381015119e-07
0 0 6.027779684e-07
0 0 2.558487995e-07
0 0 9.322374192e-07
0 0 8.141721210e-07
0 0 1.777154836e-07
0 0 2.467476239e-07
0 0 2.731050504e-07
0 0 3.081296933e-07
0 0 3.453889936e-07
0 0 1.226032344e-07
0 0 2.864569350e-07
0 0 9.493860729e-08
0 0 3.948465967e-07
0 0 8.032044516e-07
0 0 3.514597343e-07
0 0 7.413767304e-07
0 0 8.572817984e-07
0 0 8.629812511e-07
0 0 4.966209757e-07
0 0 4.151066402e-07
0 0 7.072797526e-07
0 0 6.263400667e-07
0 0 1.998056933e-07
0 0 5.086938225e-07
0 0 2.824014233e-07
0 0 9.641183161e-07
0 0 1.044362940e-07
0 0 2.606070147e-07
0 0 1.386039264e-07
0 0 1.610192391e-07
0 0 5.710650631e-07
0 0 9.462254546e-07
0 0 7.499739292e-07
0 0 6.910457225e-07
0 0 6.963491328e-07
0 0 4.502284740e-07
0 0 2.406777742e-07
0 0 3.598500011e-08
0 0 9.725870701e-08
0 0 4.537369564e-07
0 0 9.050113907e-07
0 0 3.070144771e-07
0 0 3.656846383e-07
0 0 4.787873494e-07
0 0 1.296760183e-07
0 0 5.929106146e-07
0 0 2.497839783e-07
0 0 9.924804748e-07
0 0 4.178233514e-07
0 0 8.825342873e-07
0 0 3.581482726e-07
0 0 2.056217621e-07
0 0 2.780051117e-07
0 0 7.085649704e-07
0 0 5.271478284e-07
0 0 2.846762039e-07
0 0 1.781863595e-07
0 0 5.173063656e-07
0 0 8.791761949e-09
0 0 9.097221734e-07
0 0 3.373319082e-07
0 0 3.233497701e-07
0 0 3.620292629e-07
0 0 5.391436164e-07
0 0 9.521770907e-07
0 0 9.208897092e-07
0 0 4.576692780e-07
0 0 6.542773790e-07
0 0 6.821918697e-07
0 0 7.389855918e-07
0 0 4.658774088e-07
0 0 2.504644254e-07
0 0 7.320456434e-07
0 0 6.290882124e-07
0 0 3.310085285e-07
0 0 4.731246639e-07
0 0 1.742818275e-07
0 0 8.734754536e-07
0 0 8.358924849e-07
0 0 7.853812007e-07
0 0 6.056294873e-07
0 0 7.622382135e-07
0 0 9.725460696e-07
0 0 3.117527684e-07
0 0 9.746402570e-07
0 0 6.185399211e-08
0 0 3.450459237e-07
0 0 6.853890645e-07
0 0 6.647218719e-08
0 0 2.733034748e-07
0 0 9.371442789e-07
0 0 1.062964052e-07
0 0 2.435202336e-07
0 0 8.111894117e-07
0 0 7.964000519e-08
0 0 4.604331996e-07
0 0 9.256929794e-07
0 0 5.675846638e-07
0 0 6.896742089e-07
0 0 6.835994653e-07
0 0 2.683536762e-07
0 0 1.067848484e-08
0 0 9.327952209e-07
0 0 2.433171668e-07
0 0 2.160063673e-08
0 0 3.534403106e-07
0 0 7.232267700e-07
0 0 3.402103625e-07
0 0 2.079111952e-07
0 0 3.884807768e-08
0 0 6.066904655e-07
0 0 6.874955890e-07
0 0 1.151941541e-07
0 0 7.306976256e-07
0 0 6.611170687e-07
0 0 2.628852106e-07
0 0 5.190881090e-07
0 0 6.723274190e-07
0 0 8.266174165e-07
0 0 2.806369131e-08
0 0 9.306432869e-07
0 0 5.167252833e-07
0 0 3.978040386e-07
0 0 3.480886411e-07
0 0 7.151990316e-07
0 0 7.046241217e-07
0 0 1.468932909e-07
